 x  31 31 
 -1.950969e-01 -1.820904e-01 -1.690839e-01 -1.560775e-01 -1.430710e-01 -1.300646e-01 -1.170581e-01 -1.040517e-01 -9.104520e-02 -7.803874e-02 -6.503229e-02 -5.202583e-02 -3.901937e-02 -2.601291e-02 -1.300646e-02 0.000000e+00 1.300646e-02 2.601291e-02 3.901937e-02 5.202583e-02 6.503229e-02 7.803874e-02 9.104520e-02 1.040517e-01 1.170581e-01 1.300646e-01 1.430710e-01 1.560775e-01 1.690839e-01 1.820904e-01 1.950969e-01
 -1.950969e-01 -1.820904e-01 -1.690839e-01 -1.560775e-01 -1.430710e-01 -1.300646e-01 -1.170581e-01 -1.040517e-01 -9.104520e-02 -7.803874e-02 -6.503229e-02 -5.202583e-02 -3.901937e-02 -2.601291e-02 -1.300646e-02 0.000000e+00 1.300646e-02 2.601291e-02 3.901937e-02 5.202583e-02 6.503229e-02 7.803874e-02 9.104520e-02 1.040517e-01 1.170581e-01 1.300646e-01 1.430710e-01 1.560775e-01 1.690839e-01 1.820904e-01 1.950969e-01
 -1.950969e-01 -1.820904e-01 -1.690839e-01 -1.560775e-01 -1.430710e-01 -1.300646e-01 -1.170581e-01 -1.040517e-01 -9.104520e-02 -7.803874e-02 -6.503229e-02 -5.202583e-02 -3.901937e-02 -2.601291e-02 -1.300646e-02 0.000000e+00 1.300646e-02 2.601291e-02 3.901937e-02 5.202583e-02 6.503229e-02 7.803874e-02 9.104520e-02 1.040517e-01 1.170581e-01 1.300646e-01 1.430710e-01 1.560775e-01 1.690839e-01 1.820904e-01 1.950969e-01
 -1.950969e-01 -1.820904e-01 -1.690839e-01 -1.560775e-01 -1.430710e-01 -1.300646e-01 -1.170581e-01 -1.040517e-01 -9.104520e-02 -7.803874e-02 -6.503229e-02 -5.202583e-02 -3.901937e-02 -2.601291e-02 -1.300646e-02 0.000000e+00 1.300646e-02 2.601291e-02 3.901937e-02 5.202583e-02 6.503229e-02 7.803874e-02 9.104520e-02 1.040517e-01 1.170581e-01 1.300646e-01 1.430710e-01 1.560775e-01 1.690839e-01 1.820904e-01 1.950969e-01
 -1.950969e-01 -1.820904e-01 -1.690839e-01 -1.560775e-01 -1.430710e-01 -1.300646e-01 -1.170581e-01 -1.040517e-01 -9.104520e-02 -7.803874e-02 -6.503229e-02 -5.202583e-02 -3.901937e-02 -2.601291e-02 -1.300646e-02 0.000000e+00 1.300646e-02 2.601291e-02 3.901937e-02 5.202583e-02 6.503229e-02 7.803874e-02 9.104520e-02 1.040517e-01 1.170581e-01 1.300646e-01 1.430710e-01 1.560775e-01 1.690839e-01 1.820904e-01 1.950969e-01
 -1.950969e-01 -1.820904e-01 -1.690839e-01 -1.560775e-01 -1.430710e-01 -1.300646e-01 -1.170581e-01 -1.040517e-01 -9.104520e-02 -7.803874e-02 -6.503229e-02 -5.202583e-02 -3.901937e-02 -2.601291e-02 -1.300646e-02 0.000000e+00 1.300646e-02 2.601291e-02 3.901937e-02 5.202583e-02 6.503229e-02 7.803874e-02 9.104520e-02 1.040517e-01 1.170581e-01 1.300646e-01 1.430710e-01 1.560775e-01 1.690839e-01 1.820904e-01 1.950969e-01
 -1.950969e-01 -1.820904e-01 -1.690839e-01 -1.560775e-01 -1.430710e-01 -1.300646e-01 -1.170581e-01 -1.040517e-01 -9.104520e-02 -7.803874e-02 -6.503229e-02 -5.202583e-02 -3.901937e-02 -2.601291e-02 -1.300646e-02 0.000000e+00 1.300646e-02 2.601291e-02 3.901937e-02 5.202583e-02 6.503229e-02 7.803874e-02 9.104520e-02 1.040517e-01 1.170581e-01 1.300646e-01 1.430710e-01 1.560775e-01 1.690839e-01 1.820904e-01 1.950969e-01
 -1.950969e-01 -1.820904e-01 -1.690839e-01 -1.560775e-01 -1.430710e-01 -1.300646e-01 -1.170581e-01 -1.040517e-01 -9.104520e-02 -7.803874e-02 -6.503229e-02 -5.202583e-02 -3.901937e-02 -2.601291e-02 -1.300646e-02 0.000000e+00 1.300646e-02 2.601291e-02 3.901937e-02 5.202583e-02 6.503229e-02 7.803874e-02 9.104520e-02 1.040517e-01 1.170581e-01 1.300646e-01 1.430710e-01 1.560775e-01 1.690839e-01 1.820904e-01 1.950969e-01
 -1.950969e-01 -1.820904e-01 -1.690839e-01 -1.560775e-01 -1.430710e-01 -1.300646e-01 -1.170581e-01 -1.040517e-01 -9.104520e-02 -7.803874e-02 -6.503229e-02 -5.202583e-02 -3.901937e-02 -2.601291e-02 -1.300646e-02 0.000000e+00 1.300646e-02 2.601291e-02 3.901937e-02 5.202583e-02 6.503229e-02 7.803874e-02 9.104520e-02 1.040517e-01 1.170581e-01 1.300646e-01 1.430710e-01 1.560775e-01 1.690839e-01 1.820904e-01 1.950969e-01
 -1.950969e-01 -1.820904e-01 -1.690839e-01 -1.560775e-01 -1.430710e-01 -1.300646e-01 -1.170581e-01 -1.040517e-01 -9.104520e-02 -7.803874e-02 -6.503229e-02 -5.202583e-02 -3.901937e-02 -2.601291e-02 -1.300646e-02 0.000000e+00 1.300646e-02 2.601291e-02 3.901937e-02 5.202583e-02 6.503229e-02 7.803874e-02 9.104520e-02 1.040517e-01 1.170581e-01 1.300646e-01 1.430710e-01 1.560775e-01 1.690839e-01 1.820904e-01 1.950969e-01
 -1.950969e-01 -1.820904e-01 -1.690839e-01 -1.560775e-01 -1.430710e-01 -1.300646e-01 -1.170581e-01 -1.040517e-01 -9.104520e-02 -7.803874e-02 -6.503229e-02 -5.202583e-02 -3.901937e-02 -2.601291e-02 -1.300646e-02 0.000000e+00 1.300646e-02 2.601291e-02 3.901937e-02 5.202583e-02 6.503229e-02 7.803874e-02 9.104520e-02 1.040517e-01 1.170581e-01 1.300646e-01 1.430710e-01 1.560775e-01 1.690839e-01 1.820904e-01 1.950969e-01
 -1.950969e-01 -1.820904e-01 -1.690839e-01 -1.560775e-01 -1.430710e-01 -1.300646e-01 -1.170581e-01 -1.040517e-01 -9.104520e-02 -7.803874e-02 -6.503229e-02 -5.202583e-02 -3.901937e-02 -2.601291e-02 -1.300646e-02 0.000000e+00 1.300646e-02 2.601291e-02 3.901937e-02 5.202583e-02 6.503229e-02 7.803874e-02 9.104520e-02 1.040517e-01 1.170581e-01 1.300646e-01 1.430710e-01 1.560775e-01 1.690839e-01 1.820904e-01 1.950969e-01
 -1.950969e-01 -1.820904e-01 -1.690839e-01 -1.560775e-01 -1.430710e-01 -1.300646e-01 -1.170581e-01 -1.040517e-01 -9.104520e-02 -7.803874e-02 -6.503229e-02 -5.202583e-02 -3.901937e-02 -2.601291e-02 -1.300646e-02 0.000000e+00 1.300646e-02 2.601291e-02 3.901937e-02 5.202583e-02 6.503229e-02 7.803874e-02 9.104520e-02 1.040517e-01 1.170581e-01 1.300646e-01 1.430710e-01 1.560775e-01 1.690839e-01 1.820904e-01 1.950969e-01
 -1.950969e-01 -1.820904e-01 -1.690839e-01 -1.560775e-01 -1.430710e-01 -1.300646e-01 -1.170581e-01 -1.040517e-01 -9.104520e-02 -7.803874e-02 -6.503229e-02 -5.202583e-02 -3.901937e-02 -2.601291e-02 -1.300646e-02 0.000000e+00 1.300646e-02 2.601291e-02 3.901937e-02 5.202583e-02 6.503229e-02 7.803874e-02 9.104520e-02 1.040517e-01 1.170581e-01 1.300646e-01 1.430710e-01 1.560775e-01 1.690839e-01 1.820904e-01 1.950969e-01
 -1.950969e-01 -1.820904e-01 -1.690839e-01 -1.560775e-01 -1.430710e-01 -1.300646e-01 -1.170581e-01 -1.040517e-01 -9.104520e-02 -7.803874e-02 -6.503229e-02 -5.202583e-02 -3.901937e-02 -2.601291e-02 -1.300646e-02 0.000000e+00 1.300646e-02 2.601291e-02 3.901937e-02 5.202583e-02 6.503229e-02 7.803874e-02 9.104520e-02 1.040517e-01 1.170581e-01 1.300646e-01 1.430710e-01 1.560775e-01 1.690839e-01 1.820904e-01 1.950969e-01
 -1.950969e-01 -1.820904e-01 -1.690839e-01 -1.560775e-01 -1.430710e-01 -1.300646e-01 -1.170581e-01 -1.040517e-01 -9.104520e-02 -7.803874e-02 -6.503229e-02 -5.202583e-02 -3.901937e-02 -2.601291e-02 -1.300646e-02 0.000000e+00 1.300646e-02 2.601291e-02 3.901937e-02 5.202583e-02 6.503229e-02 7.803874e-02 9.104520e-02 1.040517e-01 1.170581e-01 1.300646e-01 1.430710e-01 1.560775e-01 1.690839e-01 1.820904e-01 1.950969e-01
 -1.950969e-01 -1.820904e-01 -1.690839e-01 -1.560775e-01 -1.430710e-01 -1.300646e-01 -1.170581e-01 -1.040517e-01 -9.104520e-02 -7.803874e-02 -6.503229e-02 -5.202583e-02 -3.901937e-02 -2.601291e-02 -1.300646e-02 0.000000e+00 1.300646e-02 2.601291e-02 3.901937e-02 5.202583e-02 6.503229e-02 7.803874e-02 9.104520e-02 1.040517e-01 1.170581e-01 1.300646e-01 1.430710e-01 1.560775e-01 1.690839e-01 1.820904e-01 1.950969e-01
 -1.950969e-01 -1.820904e-01 -1.690839e-01 -1.560775e-01 -1.430710e-01 -1.300646e-01 -1.170581e-01 -1.040517e-01 -9.104520e-02 -7.803874e-02 -6.503229e-02 -5.202583e-02 -3.901937e-02 -2.601291e-02 -1.300646e-02 0.000000e+00 1.300646e-02 2.601291e-02 3.901937e-02 5.202583e-02 6.503229e-02 7.803874e-02 9.104520e-02 1.040517e-01 1.170581e-01 1.300646e-01 1.430710e-01 1.560775e-01 1.690839e-01 1.820904e-01 1.950969e-01
 -1.950969e-01 -1.820904e-01 -1.690839e-01 -1.560775e-01 -1.430710e-01 -1.300646e-01 -1.170581e-01 -1.040517e-01 -9.104520e-02 -7.803874e-02 -6.503229e-02 -5.202583e-02 -3.901937e-02 -2.601291e-02 -1.300646e-02 0.000000e+00 1.300646e-02 2.601291e-02 3.901937e-02 5.202583e-02 6.503229e-02 7.803874e-02 9.104520e-02 1.040517e-01 1.170581e-01 1.300646e-01 1.430710e-01 1.560775e-01 1.690839e-01 1.820904e-01 1.950969e-01
 -1.950969e-01 -1.820904e-01 -1.690839e-01 -1.560775e-01 -1.430710e-01 -1.300646e-01 -1.170581e-01 -1.040517e-01 -9.104520e-02 -7.803874e-02 -6.503229e-02 -5.202583e-02 -3.901937e-02 -2.601291e-02 -1.300646e-02 0.000000e+00 1.300646e-02 2.601291e-02 3.901937e-02 5.202583e-02 6.503229e-02 7.803874e-02 9.104520e-02 1.040517e-01 1.170581e-01 1.300646e-01 1.430710e-01 1.560775e-01 1.690839e-01 1.820904e-01 1.950969e-01
 -1.950969e-01 -1.820904e-01 -1.690839e-01 -1.560775e-01 -1.430710e-01 -1.300646e-01 -1.170581e-01 -1.040517e-01 -9.104520e-02 -7.803874e-02 -6.503229e-02 -5.202583e-02 -3.901937e-02 -2.601291e-02 -1.300646e-02 0.000000e+00 1.300646e-02 2.601291e-02 3.901937e-02 5.202583e-02 6.503229e-02 7.803874e-02 9.104520e-02 1.040517e-01 1.170581e-01 1.300646e-01 1.430710e-01 1.560775e-01 1.690839e-01 1.820904e-01 1.950969e-01
 -1.950969e-01 -1.820904e-01 -1.690839e-01 -1.560775e-01 -1.430710e-01 -1.300646e-01 -1.170581e-01 -1.040517e-01 -9.104520e-02 -7.803874e-02 -6.503229e-02 -5.202583e-02 -3.901937e-02 -2.601291e-02 -1.300646e-02 0.000000e+00 1.300646e-02 2.601291e-02 3.901937e-02 5.202583e-02 6.503229e-02 7.803874e-02 9.104520e-02 1.040517e-01 1.170581e-01 1.300646e-01 1.430710e-01 1.560775e-01 1.690839e-01 1.820904e-01 1.950969e-01
 -1.950969e-01 -1.820904e-01 -1.690839e-01 -1.560775e-01 -1.430710e-01 -1.300646e-01 -1.170581e-01 -1.040517e-01 -9.104520e-02 -7.803874e-02 -6.503229e-02 -5.202583e-02 -3.901937e-02 -2.601291e-02 -1.300646e-02 0.000000e+00 1.300646e-02 2.601291e-02 3.901937e-02 5.202583e-02 6.503229e-02 7.803874e-02 9.104520e-02 1.040517e-01 1.170581e-01 1.300646e-01 1.430710e-01 1.560775e-01 1.690839e-01 1.820904e-01 1.950969e-01
 -1.950969e-01 -1.820904e-01 -1.690839e-01 -1.560775e-01 -1.430710e-01 -1.300646e-01 -1.170581e-01 -1.040517e-01 -9.104520e-02 -7.803874e-02 -6.503229e-02 -5.202583e-02 -3.901937e-02 -2.601291e-02 -1.300646e-02 0.000000e+00 1.300646e-02 2.601291e-02 3.901937e-02 5.202583e-02 6.503229e-02 7.803874e-02 9.104520e-02 1.040517e-01 1.170581e-01 1.300646e-01 1.430710e-01 1.560775e-01 1.690839e-01 1.820904e-01 1.950969e-01
 -1.950969e-01 -1.820904e-01 -1.690839e-01 -1.560775e-01 -1.430710e-01 -1.300646e-01 -1.170581e-01 -1.040517e-01 -9.104520e-02 -7.803874e-02 -6.503229e-02 -5.202583e-02 -3.901937e-02 -2.601291e-02 -1.300646e-02 0.000000e+00 1.300646e-02 2.601291e-02 3.901937e-02 5.202583e-02 6.503229e-02 7.803874e-02 9.104520e-02 1.040517e-01 1.170581e-01 1.300646e-01 1.430710e-01 1.560775e-01 1.690839e-01 1.820904e-01 1.950969e-01
 -1.950969e-01 -1.820904e-01 -1.690839e-01 -1.560775e-01 -1.430710e-01 -1.300646e-01 -1.170581e-01 -1.040517e-01 -9.104520e-02 -7.803874e-02 -6.503229e-02 -5.202583e-02 -3.901937e-02 -2.601291e-02 -1.300646e-02 0.000000e+00 1.300646e-02 2.601291e-02 3.901937e-02 5.202583e-02 6.503229e-02 7.803874e-02 9.104520e-02 1.040517e-01 1.170581e-01 1.300646e-01 1.430710e-01 1.560775e-01 1.690839e-01 1.820904e-01 1.950969e-01
 -1.950969e-01 -1.820904e-01 -1.690839e-01 -1.560775e-01 -1.430710e-01 -1.300646e-01 -1.170581e-01 -1.040517e-01 -9.104520e-02 -7.803874e-02 -6.503229e-02 -5.202583e-02 -3.901937e-02 -2.601291e-02 -1.300646e-02 0.000000e+00 1.300646e-02 2.601291e-02 3.901937e-02 5.202583e-02 6.503229e-02 7.803874e-02 9.104520e-02 1.040517e-01 1.170581e-01 1.300646e-01 1.430710e-01 1.560775e-01 1.690839e-01 1.820904e-01 1.950969e-01
 -1.950969e-01 -1.820904e-01 -1.690839e-01 -1.560775e-01 -1.430710e-01 -1.300646e-01 -1.170581e-01 -1.040517e-01 -9.104520e-02 -7.803874e-02 -6.503229e-02 -5.202583e-02 -3.901937e-02 -2.601291e-02 -1.300646e-02 0.000000e+00 1.300646e-02 2.601291e-02 3.901937e-02 5.202583e-02 6.503229e-02 7.803874e-02 9.104520e-02 1.040517e-01 1.170581e-01 1.300646e-01 1.430710e-01 1.560775e-01 1.690839e-01 1.820904e-01 1.950969e-01
 -1.950969e-01 -1.820904e-01 -1.690839e-01 -1.560775e-01 -1.430710e-01 -1.300646e-01 -1.170581e-01 -1.040517e-01 -9.104520e-02 -7.803874e-02 -6.503229e-02 -5.202583e-02 -3.901937e-02 -2.601291e-02 -1.300646e-02 0.000000e+00 1.300646e-02 2.601291e-02 3.901937e-02 5.202583e-02 6.503229e-02 7.803874e-02 9.104520e-02 1.040517e-01 1.170581e-01 1.300646e-01 1.430710e-01 1.560775e-01 1.690839e-01 1.820904e-01 1.950969e-01
 -1.950969e-01 -1.820904e-01 -1.690839e-01 -1.560775e-01 -1.430710e-01 -1.300646e-01 -1.170581e-01 -1.040517e-01 -9.104520e-02 -7.803874e-02 -6.503229e-02 -5.202583e-02 -3.901937e-02 -2.601291e-02 -1.300646e-02 0.000000e+00 1.300646e-02 2.601291e-02 3.901937e-02 5.202583e-02 6.503229e-02 7.803874e-02 9.104520e-02 1.040517e-01 1.170581e-01 1.300646e-01 1.430710e-01 1.560775e-01 1.690839e-01 1.820904e-01 1.950969e-01
 -1.950969e-01 -1.820904e-01 -1.690839e-01 -1.560775e-01 -1.430710e-01 -1.300646e-01 -1.170581e-01 -1.040517e-01 -9.104520e-02 -7.803874e-02 -6.503229e-02 -5.202583e-02 -3.901937e-02 -2.601291e-02 -1.300646e-02 0.000000e+00 1.300646e-02 2.601291e-02 3.901937e-02 5.202583e-02 6.503229e-02 7.803874e-02 9.104520e-02 1.040517e-01 1.170581e-01 1.300646e-01 1.430710e-01 1.560775e-01 1.690839e-01 1.820904e-01 1.950969e-01
 y  31 31 
 -1.840612e-01 -1.840612e-01 -1.840612e-01 -1.840612e-01 -1.840612e-01 -1.840612e-01 -1.840612e-01 -1.840612e-01 -1.840612e-01 -1.840612e-01 -1.840612e-01 -1.840612e-01 -1.840612e-01 -1.840612e-01 -1.840612e-01 -1.840612e-01 -1.840612e-01 -1.840612e-01 -1.840612e-01 -1.840612e-01 -1.840612e-01 -1.840612e-01 -1.840612e-01 -1.840612e-01 -1.840612e-01 -1.840612e-01 -1.840612e-01 -1.840612e-01 -1.840612e-01 -1.840612e-01 -1.840612e-01
 -1.717905e-01 -1.717905e-01 -1.717905e-01 -1.717905e-01 -1.717905e-01 -1.717905e-01 -1.717905e-01 -1.717905e-01 -1.717905e-01 -1.717905e-01 -1.717905e-01 -1.717905e-01 -1.717905e-01 -1.717905e-01 -1.717905e-01 -1.717905e-01 -1.717905e-01 -1.717905e-01 -1.717905e-01 -1.717905e-01 -1.717905e-01 -1.717905e-01 -1.717905e-01 -1.717905e-01 -1.717905e-01 -1.717905e-01 -1.717905e-01 -1.717905e-01 -1.717905e-01 -1.717905e-01 -1.717905e-01
 -1.595197e-01 -1.595197e-01 -1.595197e-01 -1.595197e-01 -1.595197e-01 -1.595197e-01 -1.595197e-01 -1.595197e-01 -1.595197e-01 -1.595197e-01 -1.595197e-01 -1.595197e-01 -1.595197e-01 -1.595197e-01 -1.595197e-01 -1.595197e-01 -1.595197e-01 -1.595197e-01 -1.595197e-01 -1.595197e-01 -1.595197e-01 -1.595197e-01 -1.595197e-01 -1.595197e-01 -1.595197e-01 -1.595197e-01 -1.595197e-01 -1.595197e-01 -1.595197e-01 -1.595197e-01 -1.595197e-01
 -1.472490e-01 -1.472490e-01 -1.472490e-01 -1.472490e-01 -1.472490e-01 -1.472490e-01 -1.472490e-01 -1.472490e-01 -1.472490e-01 -1.472490e-01 -1.472490e-01 -1.472490e-01 -1.472490e-01 -1.472490e-01 -1.472490e-01 -1.472490e-01 -1.472490e-01 -1.472490e-01 -1.472490e-01 -1.472490e-01 -1.472490e-01 -1.472490e-01 -1.472490e-01 -1.472490e-01 -1.472490e-01 -1.472490e-01 -1.472490e-01 -1.472490e-01 -1.472490e-01 -1.472490e-01 -1.472490e-01
 -1.349782e-01 -1.349782e-01 -1.349782e-01 -1.349782e-01 -1.349782e-01 -1.349782e-01 -1.349782e-01 -1.349782e-01 -1.349782e-01 -1.349782e-01 -1.349782e-01 -1.349782e-01 -1.349782e-01 -1.349782e-01 -1.349782e-01 -1.349782e-01 -1.349782e-01 -1.349782e-01 -1.349782e-01 -1.349782e-01 -1.349782e-01 -1.349782e-01 -1.349782e-01 -1.349782e-01 -1.349782e-01 -1.349782e-01 -1.349782e-01 -1.349782e-01 -1.349782e-01 -1.349782e-01 -1.349782e-01
 -1.227075e-01 -1.227075e-01 -1.227075e-01 -1.227075e-01 -1.227075e-01 -1.227075e-01 -1.227075e-01 -1.227075e-01 -1.227075e-01 -1.227075e-01 -1.227075e-01 -1.227075e-01 -1.227075e-01 -1.227075e-01 -1.227075e-01 -1.227075e-01 -1.227075e-01 -1.227075e-01 -1.227075e-01 -1.227075e-01 -1.227075e-01 -1.227075e-01 -1.227075e-01 -1.227075e-01 -1.227075e-01 -1.227075e-01 -1.227075e-01 -1.227075e-01 -1.227075e-01 -1.227075e-01 -1.227075e-01
 -1.104367e-01 -1.104367e-01 -1.104367e-01 -1.104367e-01 -1.104367e-01 -1.104367e-01 -1.104367e-01 -1.104367e-01 -1.104367e-01 -1.104367e-01 -1.104367e-01 -1.104367e-01 -1.104367e-01 -1.104367e-01 -1.104367e-01 -1.104367e-01 -1.104367e-01 -1.104367e-01 -1.104367e-01 -1.104367e-01 -1.104367e-01 -1.104367e-01 -1.104367e-01 -1.104367e-01 -1.104367e-01 -1.104367e-01 -1.104367e-01 -1.104367e-01 -1.104367e-01 -1.104367e-01 -1.104367e-01
 -9.816598e-02 -9.816598e-02 -9.816598e-02 -9.816598e-02 -9.816598e-02 -9.816598e-02 -9.816598e-02 -9.816598e-02 -9.816598e-02 -9.816598e-02 -9.816598e-02 -9.816598e-02 -9.816598e-02 -9.816598e-02 -9.816598e-02 -9.816598e-02 -9.816598e-02 -9.816598e-02 -9.816598e-02 -9.816598e-02 -9.816598e-02 -9.816598e-02 -9.816598e-02 -9.816598e-02 -9.816598e-02 -9.816598e-02 -9.816598e-02 -9.816598e-02 -9.816598e-02 -9.816598e-02 -9.816598e-02
 -8.589524e-02 -8.589524e-02 -8.589524e-02 -8.589524e-02 -8.589524e-02 -8.589524e-02 -8.589524e-02 -8.589524e-02 -8.589524e-02 -8.589524e-02 -8.589524e-02 -8.589524e-02 -8.589524e-02 -8.589524e-02 -8.589524e-02 -8.589524e-02 -8.589524e-02 -8.589524e-02 -8.589524e-02 -8.589524e-02 -8.589524e-02 -8.589524e-02 -8.589524e-02 -8.589524e-02 -8.589524e-02 -8.589524e-02 -8.589524e-02 -8.589524e-02 -8.589524e-02 -8.589524e-02 -8.589524e-02
 -7.362449e-02 -7.362449e-02 -7.362449e-02 -7.362449e-02 -7.362449e-02 -7.362449e-02 -7.362449e-02 -7.362449e-02 -7.362449e-02 -7.362449e-02 -7.362449e-02 -7.362449e-02 -7.362449e-02 -7.362449e-02 -7.362449e-02 -7.362449e-02 -7.362449e-02 -7.362449e-02 -7.362449e-02 -7.362449e-02 -7.362449e-02 -7.362449e-02 -7.362449e-02 -7.362449e-02 -7.362449e-02 -7.362449e-02 -7.362449e-02 -7.362449e-02 -7.362449e-02 -7.362449e-02 -7.362449e-02
 -6.135374e-02 -6.135374e-02 -6.135374e-02 -6.135374e-02 -6.135374e-02 -6.135374e-02 -6.135374e-02 -6.135374e-02 -6.135374e-02 -6.135374e-02 -6.135374e-02 -6.135374e-02 -6.135374e-02 -6.135374e-02 -6.135374e-02 -6.135374e-02 -6.135374e-02 -6.135374e-02 -6.135374e-02 -6.135374e-02 -6.135374e-02 -6.135374e-02 -6.135374e-02 -6.135374e-02 -6.135374e-02 -6.135374e-02 -6.135374e-02 -6.135374e-02 -6.135374e-02 -6.135374e-02 -6.135374e-02
 -4.908299e-02 -4.908299e-02 -4.908299e-02 -4.908299e-02 -4.908299e-02 -4.908299e-02 -4.908299e-02 -4.908299e-02 -4.908299e-02 -4.908299e-02 -4.908299e-02 -4.908299e-02 -4.908299e-02 -4.908299e-02 -4.908299e-02 -4.908299e-02 -4.908299e-02 -4.908299e-02 -4.908299e-02 -4.908299e-02 -4.908299e-02 -4.908299e-02 -4.908299e-02 -4.908299e-02 -4.908299e-02 -4.908299e-02 -4.908299e-02 -4.908299e-02 -4.908299e-02 -4.908299e-02 -4.908299e-02
 -3.681224e-02 -3.681224e-02 -3.681224e-02 -3.681224e-02 -3.681224e-02 -3.681224e-02 -3.681224e-02 -3.681224e-02 -3.681224e-02 -3.681224e-02 -3.681224e-02 -3.681224e-02 -3.681224e-02 -3.681224e-02 -3.681224e-02 -3.681224e-02 -3.681224e-02 -3.681224e-02 -3.681224e-02 -3.681224e-02 -3.681224e-02 -3.681224e-02 -3.681224e-02 -3.681224e-02 -3.681224e-02 -3.681224e-02 -3.681224e-02 -3.681224e-02 -3.681224e-02 -3.681224e-02 -3.681224e-02
 -2.454150e-02 -2.454150e-02 -2.454150e-02 -2.454150e-02 -2.454150e-02 -2.454150e-02 -2.454150e-02 -2.454150e-02 -2.454150e-02 -2.454150e-02 -2.454150e-02 -2.454150e-02 -2.454150e-02 -2.454150e-02 -2.454150e-02 -2.454150e-02 -2.454150e-02 -2.454150e-02 -2.454150e-02 -2.454150e-02 -2.454150e-02 -2.454150e-02 -2.454150e-02 -2.454150e-02 -2.454150e-02 -2.454150e-02 -2.454150e-02 -2.454150e-02 -2.454150e-02 -2.454150e-02 -2.454150e-02
 -1.227075e-02 -1.227075e-02 -1.227075e-02 -1.227075e-02 -1.227075e-02 -1.227075e-02 -1.227075e-02 -1.227075e-02 -1.227075e-02 -1.227075e-02 -1.227075e-02 -1.227075e-02 -1.227075e-02 -1.227075e-02 -1.227075e-02 -1.227075e-02 -1.227075e-02 -1.227075e-02 -1.227075e-02 -1.227075e-02 -1.227075e-02 -1.227075e-02 -1.227075e-02 -1.227075e-02 -1.227075e-02 -1.227075e-02 -1.227075e-02 -1.227075e-02 -1.227075e-02 -1.227075e-02 -1.227075e-02
 0.000000e+00 0.000000e+00 0.000000e+00 0.000000e+00 0.000000e+00 0.000000e+00 0.000000e+00 0.000000e+00 0.000000e+00 0.000000e+00 0.000000e+00 0.000000e+00 0.000000e+00 0.000000e+00 0.000000e+00 0.000000e+00 0.000000e+00 0.000000e+00 0.000000e+00 0.000000e+00 0.000000e+00 0.000000e+00 0.000000e+00 0.000000e+00 0.000000e+00 0.000000e+00 0.000000e+00 0.000000e+00 0.000000e+00 0.000000e+00 0.000000e+00
 1.227075e-02 1.227075e-02 1.227075e-02 1.227075e-02 1.227075e-02 1.227075e-02 1.227075e-02 1.227075e-02 1.227075e-02 1.227075e-02 1.227075e-02 1.227075e-02 1.227075e-02 1.227075e-02 1.227075e-02 1.227075e-02 1.227075e-02 1.227075e-02 1.227075e-02 1.227075e-02 1.227075e-02 1.227075e-02 1.227075e-02 1.227075e-02 1.227075e-02 1.227075e-02 1.227075e-02 1.227075e-02 1.227075e-02 1.227075e-02 1.227075e-02
 2.454150e-02 2.454150e-02 2.454150e-02 2.454150e-02 2.454150e-02 2.454150e-02 2.454150e-02 2.454150e-02 2.454150e-02 2.454150e-02 2.454150e-02 2.454150e-02 2.454150e-02 2.454150e-02 2.454150e-02 2.454150e-02 2.454150e-02 2.454150e-02 2.454150e-02 2.454150e-02 2.454150e-02 2.454150e-02 2.454150e-02 2.454150e-02 2.454150e-02 2.454150e-02 2.454150e-02 2.454150e-02 2.454150e-02 2.454150e-02 2.454150e-02
 3.681224e-02 3.681224e-02 3.681224e-02 3.681224e-02 3.681224e-02 3.681224e-02 3.681224e-02 3.681224e-02 3.681224e-02 3.681224e-02 3.681224e-02 3.681224e-02 3.681224e-02 3.681224e-02 3.681224e-02 3.681224e-02 3.681224e-02 3.681224e-02 3.681224e-02 3.681224e-02 3.681224e-02 3.681224e-02 3.681224e-02 3.681224e-02 3.681224e-02 3.681224e-02 3.681224e-02 3.681224e-02 3.681224e-02 3.681224e-02 3.681224e-02
 4.908299e-02 4.908299e-02 4.908299e-02 4.908299e-02 4.908299e-02 4.908299e-02 4.908299e-02 4.908299e-02 4.908299e-02 4.908299e-02 4.908299e-02 4.908299e-02 4.908299e-02 4.908299e-02 4.908299e-02 4.908299e-02 4.908299e-02 4.908299e-02 4.908299e-02 4.908299e-02 4.908299e-02 4.908299e-02 4.908299e-02 4.908299e-02 4.908299e-02 4.908299e-02 4.908299e-02 4.908299e-02 4.908299e-02 4.908299e-02 4.908299e-02
 6.135374e-02 6.135374e-02 6.135374e-02 6.135374e-02 6.135374e-02 6.135374e-02 6.135374e-02 6.135374e-02 6.135374e-02 6.135374e-02 6.135374e-02 6.135374e-02 6.135374e-02 6.135374e-02 6.135374e-02 6.135374e-02 6.135374e-02 6.135374e-02 6.135374e-02 6.135374e-02 6.135374e-02 6.135374e-02 6.135374e-02 6.135374e-02 6.135374e-02 6.135374e-02 6.135374e-02 6.135374e-02 6.135374e-02 6.135374e-02 6.135374e-02
 7.362449e-02 7.362449e-02 7.362449e-02 7.362449e-02 7.362449e-02 7.362449e-02 7.362449e-02 7.362449e-02 7.362449e-02 7.362449e-02 7.362449e-02 7.362449e-02 7.362449e-02 7.362449e-02 7.362449e-02 7.362449e-02 7.362449e-02 7.362449e-02 7.362449e-02 7.362449e-02 7.362449e-02 7.362449e-02 7.362449e-02 7.362449e-02 7.362449e-02 7.362449e-02 7.362449e-02 7.362449e-02 7.362449e-02 7.362449e-02 7.362449e-02
 8.589524e-02 8.589524e-02 8.589524e-02 8.589524e-02 8.589524e-02 8.589524e-02 8.589524e-02 8.589524e-02 8.589524e-02 8.589524e-02 8.589524e-02 8.589524e-02 8.589524e-02 8.589524e-02 8.589524e-02 8.589524e-02 8.589524e-02 8.589524e-02 8.589524e-02 8.589524e-02 8.589524e-02 8.589524e-02 8.589524e-02 8.589524e-02 8.589524e-02 8.589524e-02 8.589524e-02 8.589524e-02 8.589524e-02 8.589524e-02 8.589524e-02
 9.816598e-02 9.816598e-02 9.816598e-02 9.816598e-02 9.816598e-02 9.816598e-02 9.816598e-02 9.816598e-02 9.816598e-02 9.816598e-02 9.816598e-02 9.816598e-02 9.816598e-02 9.816598e-02 9.816598e-02 9.816598e-02 9.816598e-02 9.816598e-02 9.816598e-02 9.816598e-02 9.816598e-02 9.816598e-02 9.816598e-02 9.816598e-02 9.816598e-02 9.816598e-02 9.816598e-02 9.816598e-02 9.816598e-02 9.816598e-02 9.816598e-02
 1.104367e-01 1.104367e-01 1.104367e-01 1.104367e-01 1.104367e-01 1.104367e-01 1.104367e-01 1.104367e-01 1.104367e-01 1.104367e-01 1.104367e-01 1.104367e-01 1.104367e-01 1.104367e-01 1.104367e-01 1.104367e-01 1.104367e-01 1.104367e-01 1.104367e-01 1.104367e-01 1.104367e-01 1.104367e-01 1.104367e-01 1.104367e-01 1.104367e-01 1.104367e-01 1.104367e-01 1.104367e-01 1.104367e-01 1.104367e-01 1.104367e-01
 1.227075e-01 1.227075e-01 1.227075e-01 1.227075e-01 1.227075e-01 1.227075e-01 1.227075e-01 1.227075e-01 1.227075e-01 1.227075e-01 1.227075e-01 1.227075e-01 1.227075e-01 1.227075e-01 1.227075e-01 1.227075e-01 1.227075e-01 1.227075e-01 1.227075e-01 1.227075e-01 1.227075e-01 1.227075e-01 1.227075e-01 1.227075e-01 1.227075e-01 1.227075e-01 1.227075e-01 1.227075e-01 1.227075e-01 1.227075e-01 1.227075e-01
 1.349782e-01 1.349782e-01 1.349782e-01 1.349782e-01 1.349782e-01 1.349782e-01 1.349782e-01 1.349782e-01 1.349782e-01 1.349782e-01 1.349782e-01 1.349782e-01 1.349782e-01 1.349782e-01 1.349782e-01 1.349782e-01 1.349782e-01 1.349782e-01 1.349782e-01 1.349782e-01 1.349782e-01 1.349782e-01 1.349782e-01 1.349782e-01 1.349782e-01 1.349782e-01 1.349782e-01 1.349782e-01 1.349782e-01 1.349782e-01 1.349782e-01
 1.472490e-01 1.472490e-01 1.472490e-01 1.472490e-01 1.472490e-01 1.472490e-01 1.472490e-01 1.472490e-01 1.472490e-01 1.472490e-01 1.472490e-01 1.472490e-01 1.472490e-01 1.472490e-01 1.472490e-01 1.472490e-01 1.472490e-01 1.472490e-01 1.472490e-01 1.472490e-01 1.472490e-01 1.472490e-01 1.472490e-01 1.472490e-01 1.472490e-01 1.472490e-01 1.472490e-01 1.472490e-01 1.472490e-01 1.472490e-01 1.472490e-01
 1.595197e-01 1.595197e-01 1.595197e-01 1.595197e-01 1.595197e-01 1.595197e-01 1.595197e-01 1.595197e-01 1.595197e-01 1.595197e-01 1.595197e-01 1.595197e-01 1.595197e-01 1.595197e-01 1.595197e-01 1.595197e-01 1.595197e-01 1.595197e-01 1.595197e-01 1.595197e-01 1.595197e-01 1.595197e-01 1.595197e-01 1.595197e-01 1.595197e-01 1.595197e-01 1.595197e-01 1.595197e-01 1.595197e-01 1.595197e-01 1.595197e-01
 1.717905e-01 1.717905e-01 1.717905e-01 1.717905e-01 1.717905e-01 1.717905e-01 1.717905e-01 1.717905e-01 1.717905e-01 1.717905e-01 1.717905e-01 1.717905e-01 1.717905e-01 1.717905e-01 1.717905e-01 1.717905e-01 1.717905e-01 1.717905e-01 1.717905e-01 1.717905e-01 1.717905e-01 1.717905e-01 1.717905e-01 1.717905e-01 1.717905e-01 1.717905e-01 1.717905e-01 1.717905e-01 1.717905e-01 1.717905e-01 1.717905e-01
 1.840612e-01 1.840612e-01 1.840612e-01 1.840612e-01 1.840612e-01 1.840612e-01 1.840612e-01 1.840612e-01 1.840612e-01 1.840612e-01 1.840612e-01 1.840612e-01 1.840612e-01 1.840612e-01 1.840612e-01 1.840612e-01 1.840612e-01 1.840612e-01 1.840612e-01 1.840612e-01 1.840612e-01 1.840612e-01 1.840612e-01 1.840612e-01 1.840612e-01 1.840612e-01 1.840612e-01 1.840612e-01 1.840612e-01 1.840612e-01 1.840612e-01
 u  31 31 
 7.011397e-03 -4.755676e-03 -9.801640e-02 -1.826224e-01 -2.540645e-01 -3.139056e-01 -3.631703e-01 -4.009616e-01 -4.258783e-01 -4.384985e-01 -4.422582e-01 -4.417777e-01 -4.407199e-01 -4.409931e-01 -4.431062e-01 -4.468271e-01 -4.516748e-01 -4.571513e-01 -4.627548e-01 -4.678195e-01 -4.711923e-01 -4.707871e-01 -4.633063e-01 -4.449291e-01 -4.136100e-01 -3.713222e-01 -3.229234e-01 -2.721006e-01 -2.176088e-01 -1.461784e-01 7.011397e-03
 1.316921e-02 -8.505475e-02 -9.253125e-02 -1.064861e-01 -1.384649e-01 -1.995370e-01 -2.962019e-01 -4.028519e-01 -4.654055e-01 -4.805707e-01 -4.783304e-01 -4.742070e-01 -4.718036e-01 -4.710087e-01 -4.710447e-01 -4.713044e-01 -4.715686e-01 -4.720771e-01 -4.735446e-01 -4.769639e-01 -4.822360e-01 -4.811440e-01 -4.349952e-01 -2.974948e-01 -1.506125e-01 -6.424514e-02 -2.385121e-02 -8.980233e-03 -9.125405e-03 -2.412512e-02 1.316921e-02
 1.253399e-02 -1.056449e-01 -1.094427e-01 -1.247128e-01 -1.584701e-01 -2.187057e-01 -3.072857e-01 -4.002972e-01 -4.570205e-01 -4.740966e-01 -4.741517e-01 -4.710565e-01 -4.688862e-01 -4.679734e-01 -4.677513e-01 -4.676936e-01 -4.676126e-01 -4.677619e-01 -4.688385e-01 -4.717075e-01 -4.758880e-01 -4.729589e-01 -4.293979e-01 -3.089431e-01 -1.742723e-01 -8.790650e-02 -4.357605e-02 -2.412184e-02 -1.915062e-02 -2.499242e-02 1.253399e-02
 4.117354e-03 -1.191050e-01 -1.248252e-01 -1.428198e-01 -1.784395e-01 -2.370112e-01 -3.168695e-01 -3.968180e-01 -4.472043e-01 -4.652652e-01 -4.675043e-01 -4.656735e-01 -4.639841e-01 -4.631506e-01 -4.628337e-01 -4.626063e-01 -4.623082e-01 -4.621706e-01 -4.627862e-01 -4.647447e-01 -4.670586e-01 -4.615467e-01 -4.213971e-01 -3.198198e-01 -1.996778e-01 -1.144299e-01 -6.630000e-02 -4.236737e-02 -3.316713e-02 -3.435163e-02 4.117354e-03
 -1.152010e-02 -1.286658e-01 -1.372392e-01 -1.580247e-01 -1.949746e-01 -2.510084e-01 -3.220794e-01 -3.903311e-01 -4.348538e-01 -4.535577e-01 -4.580196e-01 -4.577097e-01 -4.567087e-01 -4.560596e-01 -4.556824e-01 -4.552838e-01 -4.547401e-01 -4.542298e-01 -4.541679e-01 -4.547637e-01 -4.544941e-01 -4.457020e-01 -4.079520e-01 -3.226937e-01 -2.177991e-01 -1.358618e-01 -8.507519e-02 -5.707056e-02 -4.379611e-02 -4.100160e-02 -1.152010e-02
 -3.278381e-02 -1.352870e-01 -1.471337e-01 -1.706070e-01 -2.082687e-01 -2.608583e-01 -3.229356e-01 -3.803744e-01 -4.193087e-01 -4.383307e-01 -4.450274e-01 -4.464912e-01 -4.463917e-01 -4.460189e-01 -4.455828e-01 -4.449702e-01 -4.441097e-01 -4.430927e-01 -4.420723e-01 -4.407882e-01 -4.372333e-01 -4.246399e-01 -3.885346e-01 -3.173113e-01 -2.279310e-01 -1.514500e-01 -9.923964e-02 -6.751106e-02 -5.011201e-02 -4.328160e-02 -3.278381e-02
 -5.739887e-02 -1.402632e-01 -1.555501e-01 -1.813498e-01 -2.187802e-01 -2.667290e-01 -3.193960e-01 -3.666123e-01 -4.000567e-01 -4.189080e-01 -4.276374e-01 -4.310095e-01 -4.319987e-01 -4.319950e-01 -4.314929e-01 -4.306013e-01 -4.293176e-01 -4.276096e-01 -4.252967e-01 -4.216284e-01 -4.143245e-01 -3.979575e-01 -3.633845e-01 -3.043586e-01 -2.303059e-01 -1.613691e-01 -1.092231e-01 -7.419197e-02 -5.252279e-02 -4.134450e-02 -5.739887e-02
 -8.277284e-02 -1.448737e-01 -1.633984e-01 -1.906857e-01 -2.264400e-01 -2.683114e-01 -3.112151e-01 -3.487800e-01 -3.766940e-01 -3.945776e-01 -4.047061e-01 -4.098169e-01 -4.119750e-01 -4.124424e-01 -4.118998e-01 -4.106626e-01 -4.087965e-01 -4.061295e-01 -4.021552e-01 -3.957795e-01 -3.848533e-01 -3.656498e-01 -3.332675e-01 -2.849492e-01 -2.253335e-01 -1.656632e-01 -1.154564e-01 -7.787423e-02 -5.184273e-02 -3.586717e-02 -8.277284e-02
 -1.066892e-01 -1.498830e-01 -1.708480e-01 -1.981384e-01 -2.303643e-01 -2.648636e-01 -2.980579e-01 -3.266520e-01 -3.488457e-01 -3.645753e-01 -3.748552e-01 -3.809940e-01 -3.841501e-01 -3.852031e-01 -3.847574e-01 -3.831563e-01 -3.804674e-01 -3.764455e-01 -3.704852e-01 -3.615517e-01 -3.480927e-01 -3.280314e-01 -2.991680e-01 -2.604319e-01 -2.136831e-01 -1.641279e-01 -1.179136e-01 -7.910043e-02 -4.893111e-02 -2.771055e-02 -1.066892e-01
 -1.281940e-01 -1.548552e-01 -1.766535e-01 -2.019390e-01 -2.288890e-01 -2.554041e-01 -2.795240e-01 -2.999143e-01 -3.160666e-01 -3.281568e-01 -3.367517e-01 -3.425358e-01 -3.461103e-01 -3.478514e-01 -3.478531e-01 -3.460077e-01 -3.421850e-01 -3.363247e-01 -3.283144e-01 -3.177684e-01 -3.039159e-01 -2.856801e-01 -2.619451e-01 -2.320228e-01 -1.962790e-01 -1.565850e-01 -1.160437e-01 -7.791238e-02 -4.457134e-02 -1.808665e-02 -1.281940e-01
 -1.476894e-01 -1.572938e-01 -1.776707e-01 -1.991055e-01 -2.199206e-01 -2.388504e-01 -2.550181e-01 -2.680014e-01 -2.778221e-01 -2.848843e-01 -2.898804e-01 -2.936210e-01 -2.967222e-01 -2.991873e-01 -3.001716e-01 -2.984047e-01 -2.932460e-01 -2.852946e-01 -2.757325e-01 -2.652240e-01 -2.534797e-01 -2.395221e-01 -2.221722e-01 -2.004740e-01 -1.740157e-01 -1.431650e-01 -1.091502e-01 -7.387110e-02 -3.953158e-02 -9.234872e-03 -1.476894e-01
 -1.641511e-01 -1.527369e-01 -1.696314e-01 -1.864112e-01 -2.014688e-01 -2.140094e-01 -2.235766e-01 -2.300382e-01 -2.336507e-01 -2.351239e-01 -2.355935e-01 -2.363749e-01 -2.384183e-01 -2.415374e-01 -2.438604e-01 -2.425743e-01 -2.363586e-01 -2.268364e-01 -2.167917e-01 -2.077848e-01 -1.996156e-01 -1.909783e-01 -1.802448e-01 -1.660208e-01 -1.474461e-01 -1.243064e-01 -9.703360e-02 -6.665032e-02 -3.477866e-02 -4.849969e-03 -1.641511e-01
 -1.729119e-01 -1.378572e-01 -1.498885e-01 -1.619776e-01 -1.721342e-01 -1.795785e-01 -1.838920e-01 -1.850357e-01 -1.834999e-01 -1.803909e-01 -1.772966e-01 -1.758581e-01 -1.771101e-01 -1.806752e-01 -1.840678e-01 -1.834538e-01 -1.770740e-01 -1.673547e-01 -1.580133e-01 -1.509550e-01 -1.460239e-01 -1.418522e-01 -1.366201e-01 -1.286422e-01 -1.167752e-01 -1.005899e-01 -8.033548e-02 -5.682648e-02 -3.149448e-02 -7.980684e-03 -1.729119e-01
 -1.777764e-01 -1.141324e-01 -1.196594e-01 -1.262886e-01 -1.315632e-01 -1.345708e-01 -1.348499e-01 -1.324421e-01 -1.280420e-01 -1.229641e-01 -1.188180e-01 -1.169964e-01 -1.181758e-01 -1.217981e-01 -1.254537e-01 -1.254013e-01 -1.199515e-01 -1.116030e-01 -1.038831e-01 -9.850475e-02 -9.545903e-02 -9.376640e-02 -9.195710e-02 -8.850064e-02 -8.225893e-02 -7.278470e-02 -6.034903e-02 -4.579287e-02 -3.052134e-02 -1.814149e-02 -1.777764e-01
 -1.826721e-01 -8.613830e-02 -8.279471e-02 -8.194330e-02 -8.110044e-02 -7.948253e-02 -7.674395e-02 -7.296171e-02 -6.868034e-02 -6.478587e-02 -6.220952e-02 -6.161510e-02 -6.318487e-02 -6.636745e-02 -6.943227e-02 -6.972291e-02 -6.605855e-02 -6.025992e-02 -5.478437e-02 -5.082461e-02 -4.852165e-02 -4.748469e-02 -4.702538e-02 -4.634632e-02 -4.481395e-02 -4.219530e-02 -3.871901e-02 -3.499301e-02 -3.205529e-02 -3.301465e-02 -1.826721e-01
 -1.860579e-01 -5.746349e-02 -4.314818e-02 -3.279290e-02 -2.439144e-02 -1.767108e-02 -1.260148e-02 -9.153245e-03 -7.215966e-03 -6.594303e-03 -7.059672e-03 -8.398431e-03 -1.039269e-02 -1.269225e-02 -1.459614e-02 -1.510435e-02 -1.376527e-02 -1.123173e-02 -8.432911e-03 -5.912458e-03 -3.932281e-03 -2.707078e-03 -2.506170e-03 -3.639374e-03 -6.384412e-03 -1.091515e-02 -1.729218e-02 -2.555582e-02 -3.601971e-02 -5.101760e-02 -1.860579e-01
 -1.864013e-01 -2.957813e-02 -3.526796e-03 1.683640e-02 3.297862e-02 4.473301e-02 5.195381e-02 5.491721e-02 5.446974e-02 5.189670e-02 4.855663e-02 4.551125e-02 4.335982e-02 4.221875e-02 4.166087e-02 4.088051e-02 3.959810e-02 3.850434e-02 3.830421e-02 3.909211e-02 4.044192e-02 4.150623e-02 4.106564e-02 3.774485e-02 3.040512e-02 1.848820e-02 2.087284e-03 -1.828546e-02 -4.218512e-02 -7.104532e-02 -1.864013e-01
 -1.829604e-01 -2.656109e-03 3.382858e-02 6.262373e-02 8.512002e-02 1.012465e-01 1.110601e-01 1.150829e-01 1.144700e-01 1.109584e-01 1.065298e-01 1.029091e-01 1.011340e-01 1.012080e-01 1.017450e-01 1.004581e-01 9.654724e-02 9.184198e-02 8.842357e-02 8.689869e-02 8.658950e-02 8.600398e-02 8.317347e-02 7.608799e-02 6.320283e-02 4.378324e-02 1.795088e-02 -1.352411e-02 -4.964916e-02 -9.084661e-02 -1.829604e-01
 -1.720388e-01 2.291410e-02 6.602844e-02 1.003867e-01 1.275435e-01 1.477017e-01 1.611650e-01 1.685468e-01 1.709007e-01 1.697838e-01 1.671280e-01 1.648495e-01 1.642568e-01 1.653517e-01 1.662855e-01 1.641909e-01 1.581451e-01 1.504410e-01 1.438051e-01 1.391094e-01 1.354501e-01 1.309124e-01 1.232277e-01 1.103196e-01 9.071016e-02 6.372618e-02 2.953570e-02 -1.093141e-02 -5.624145e-02 -1.057361e-01 -1.720388e-01
 -1.471835e-01 4.459886e-02 8.899507e-02 1.264358e-01 1.577587e-01 1.827452e-01 2.014588e-01 2.143460e-01 2.222226e-01 2.262699e-01 2.279786e-01 2.289139e-01 2.302103e-01 2.318648e-01 2.323110e-01 2.293089e-01 2.222193e-01 2.128626e-01 2.035077e-01 1.949136e-01 1.861735e-01 1.754455e-01 1.606847e-01 1.401520e-01 1.127243e-01 7.808557e-02 3.683921e-02 -9.524631e-03 -5.896810e-02 -1.100369e-01 -1.471835e-01
 -1.220163e-01 5.893785e-02 1.001317e-01 1.390875e-01 1.751183e-01 2.066497e-01 2.326302e-01 2.528079e-01 2.676117e-01 2.779115e-01 2.847978e-01 2.893587e-01 2.923742e-01 2.939548e-01 2.934177e-01 2.898182e-01 2.829309e-01 2.735602e-01 2.626905e-01 2.505092e-01 2.361948e-01 2.182993e-01 1.952622e-01 1.658650e-01 1.296385e-01 8.720946e-02 4.039805e-02 -8.188822e-03 -5.605377e-02 -1.019913e-01 -1.220163e-01
 -1.036598e-01 6.615990e-02 1.015487e-01 1.401625e-01 1.806945e-01 2.202038e-01 2.555730e-01 2.847020e-01 3.069884e-01 3.229928e-01 3.338048e-01 3.405516e-01 3.441340e-01 3.451197e-01 3.437536e-01 3.400839e-01 3.341170e-01 3.258281e-01 3.149783e-01 3.009090e-01 2.824969e-01 2.583164e-01 2.270130e-01 1.879278e-01 1.418767e-01 9.156320e-02 4.093597e-02 -6.393832e-03 -4.852429e-02 -8.576837e-02 -1.036598e-01
 -8.790240e-02 6.929689e-02 9.783781e-02 1.338406e-01 1.769878e-01 2.243878e-01 2.707883e-01 3.106155e-01 3.406945e-01 3.610373e-01 3.735218e-01 3.803396e-01 3.832472e-01 3.834467e-01 3.816809e-01 3.783165e-01 3.733624e-01 3.664395e-01 3.567281e-01 3.429012e-01 3.230672e-01 2.948759e-01 2.561786e-01 2.066302e-01 1.495243e-01 9.146618e-02 3.900367e-02 -4.513261e-03 -3.918341e-02 -6.731458e-02 -8.790240e-02
 -7.237720e-02 7.044297e-02 9.218467e-02 1.238862e-01 1.669870e-01 2.204559e-01 2.784036e-01 3.307005e-01 3.691122e-01 3.924455e-01 4.045421e-01 4.098444e-01 4.114019e-01 4.108729e-01 4.090189e-01 4.060811e-01 4.019624e-01 3.962529e-01 3.881199e-01 3.760331e-01 3.573168e-01 3.278202e-01 2.829347e-01 2.218105e-01 1.521927e-01 8.699198e-02 3.470167e-02 -3.589097e-03 -3.077003e-02 -5.079646e-02 -7.237720e-02
 -5.735150e-02 7.002940e-02 8.556468e-02 1.122125e-01 1.530305e-01 2.098387e-01 2.784581e-01 3.447247e-01 3.924584e-01 4.179391e-01 4.283361e-01 4.313785e-01 4.314423e-01 4.303185e-01 4.285014e-01 4.259585e-01 4.224769e-01 4.177418e-01 4.111802e-01 4.014787e-01 3.855725e-01 3.571660e-01 3.071777e-01 2.327040e-01 1.490385e-01 7.789478e-02 2.756464e-02 -4.959031e-03 -2.530416e-02 -3.846718e-02 -5.735150e-02
 -4.435498e-02 6.751696e-02 7.758560e-02 9.909215e-02 1.362443e-01 1.937433e-01 2.710905e-01 3.522775e-01 4.107941e-01 4.382355e-01 4.463861e-01 4.470535e-01 4.457594e-01 4.441652e-01 4.424016e-01 4.401685e-01 4.371647e-01 4.331916e-01 4.280018e-01 4.207386e-01 4.084501e-01 3.828915e-01 3.284374e-01 2.378681e-01 1.387944e-01 6.350470e-02 1.662084e-02 -1.002814e-02 -2.426087e-02 -3.161225e-02 -4.435498e-02
 -3.386592e-02 6.204150e-02 6.731914e-02 8.389647e-02 1.166736e-01 1.727728e-01 2.564406e-01 3.529252e-01 4.241478e-01 4.539784e-01 4.598890e-01 4.584060e-01 4.559887e-01 4.540254e-01 4.522919e-01 4.502754e-01 4.476165e-01 4.442166e-01 4.401273e-01 4.350334e-01 4.265129e-01 4.048935e-01 3.458866e-01 2.350228e-01 1.196754e-01 4.267561e-02 5.966094e-04 -2.011216e-02 -2.876770e-02 -3.112135e-02 -3.386592e-02
 -2.447884e-02 5.298723e-02 5.391429e-02 6.579709e-02 9.379485e-02 1.468761e-01 2.343686e-01 3.461445e-01 4.326009e-01 4.657794e-01 4.697560e-01 4.664703e-01 4.631719e-01 4.609194e-01 4.591807e-01 4.572865e-01 4.548403e-01 4.518184e-01 4.485167e-01 4.451577e-01 4.401435e-01 4.230257e-01 3.582357e-01 2.204417e-01 8.916470e-02 1.393503e-02 -2.172532e-02 -3.618266e-02 -3.953159e-02 -3.755614e-02 -2.447884e-02
 -1.438744e-02 4.096915e-02 3.720495e-02 4.438896e-02 6.713338e-02 1.156350e-01 2.041961e-01 3.308996e-01 4.361568e-01 4.742229e-01 4.766730e-01 4.719181e-01 4.679373e-01 4.654420e-01 4.636392e-01 4.617440e-01 4.593328e-01 4.564319e-01 4.535250e-01 4.513367e-01 4.493119e-01 4.369085e-01 3.627271e-01 1.869557e-01 4.370855e-02 -2.417158e-02 -5.106440e-02 -5.853777e-02 -5.663628e-02 -5.115425e-02 -1.438744e-02
 -3.255917e-03 3.429523e-02 1.902588e-02 1.995859e-02 3.604455e-02 7.746522e-02 1.628181e-01 3.028109e-01 4.331395e-01 4.794937e-01 4.810697e-01 4.750917e-01 4.704843e-01 4.676336e-01 4.655206e-01 4.632627e-01 4.604039e-01 4.569896e-01 4.536388e-01 4.515462e-01 4.514274e-01 4.431137e-01 3.458977e-01 1.128503e-01 -2.523069e-02 -7.513167e-02 -8.915799e-02 -8.826012e-02 -8.133423e-02 -7.521505e-02 -3.255917e-03
 7.011397e-03 -4.755676e-03 -9.801640e-02 -1.826224e-01 -2.540645e-01 -3.139056e-01 -3.631703e-01 -4.009616e-01 -4.258783e-01 -4.384985e-01 -4.422582e-01 -4.417777e-01 -4.407199e-01 -4.409931e-01 -4.431062e-01 -4.468271e-01 -4.516748e-01 -4.571513e-01 -4.627548e-01 -4.678195e-01 -4.711923e-01 -4.707871e-01 -4.633063e-01 -4.449291e-01 -4.136100e-01 -3.713222e-01 -3.229234e-01 -2.721006e-01 -2.176088e-01 -1.461784e-01 7.011397e-03
 v  31 31 
 3.667056e-03 -1.237453e-03 -1.741345e-03 -1.040110e-03 3.528571e-05 1.205467e-03 2.317429e-03 3.228359e-03 3.805171e-03 3.980008e-03 3.782301e-03 3.306692e-03 2.656481e-03 1.910828e-03 1.120595e-03 3.167908e-04 -4.795931e-04 -1.249604e-03 -1.969555e-03 -2.603929e-03 -3.097450e-03 -3.369980e-03 -3.326390e-03 -2.897906e-03 -2.102765e-03 -1.057428e-03 1.013223e-04 1.303564e-03 2.570783e-03 4.021624e-03 3.667056e-03
 -6.973825e-03 -2.930102e-02 -3.118094e-02 -3.224740e-02 -3.211495e-02 -3.003966e-02 -2.480889e-02 -1.590046e-02 -6.596085e-03 -7.680769e-04 1.708057e-03 2.331719e-03 2.127317e-03 1.600696e-03 9.707150e-04 3.240378e-04 -3.029015e-04 -8.785064e-04 -1.332637e-03 -1.475709e-03 -8.227709e-04 1.716078e-03 7.558944e-03 1.478705e-02 1.888646e-02 2.028775e-02 2.035132e-02 1.957526e-02 1.812408e-02 1.582938e-02 -6.973825e-03
 -1.997780e-02 -4.901727e-02 -5.044144e-02 -5.041667e-02 -4.839400e-02 -4.355266e-02 -3.481950e-02 -2.242338e-02 -1.038775e-02 -2.685675e-03 8.674511e-04 2.012802e-03 2.029268e-03 1.585811e-03 9.843388e-04 3.460923e-04 -2.804073e-04 -8.520503e-04 -1.260957e-03 -1.208515e-03 5.226207e-05 4.131209e-03 1.305362e-02 2.462880e-02 3.276162e-02 3.708156e-02 3.924525e-02 3.993718e-02 3.937301e-02 3.736170e-02 -1.997780e-02
 -3.443844e-02 -6.209000e-02 -6.284002e-02 -6.147413e-02 -5.754028e-02 -5.040610e-02 -3.943801e-02 -2.552961e-02 -1.258859e-02 -4.040883e-03 2.251757e-04 1.822182e-03 2.057414e-03 1.674346e-03 1.039664e-03 3.227275e-04 -3.887240e-04 -1.009575e-03 -1.371597e-03 -1.076540e-03 7.779713e-04 5.959461e-03 1.646399e-02 3.024386e-02 4.114624e-02 4.785122e-02 5.187021e-02 5.398058e-02 5.436529e-02 5.282743e-02 -3.443844e-02
 -4.749671e-02 -6.744829e-02 -6.762269e-02 -6.524873e-02 -6.011518e-02 -5.187814e-02 -4.033775e-02 -2.668540e-02 -1.418564e-02 -5.526379e-03 -7.717706e-04 1.317095e-03 1.885534e-03 1.659497e-03 1.045584e-03 2.747745e-04 -4.934053e-04 -1.096291e-03 -1.284556e-03 -5.811781e-04 1.954966e-03 7.945950e-03 1.893299e-02 3.306608e-02 4.504943e-02 5.303296e-02 5.814348e-02 6.117135e-02 6.224319e-02 6.103954e-02 -4.749671e-02
 -5.532384e-02 -6.487833e-02 -6.489021e-02 -6.225401e-02 -5.701253e-02 -4.907993e-02 -3.856220e-02 -2.661718e-02 -1.562944e-02 -7.517448e-03 -2.526627e-03 8.690561e-05 1.153600e-03 1.279950e-03 8.687578e-04 2.114628e-04 -4.383021e-04 -8.159150e-04 -5.885796e-04 7.502198e-04 4.038261e-03 1.049407e-02 2.097872e-02 3.387764e-02 4.522489e-02 5.315265e-02 5.831451e-02 6.143076e-02 6.260630e-02 6.140822e-02 -5.532384e-02
 -5.490575e-02 -5.529842e-02 -5.573995e-02 -5.375149e-02 -4.955131e-02 -4.323408e-02 -3.505899e-02 -2.592030e-02 -1.729898e-02 -1.039754e-02 -5.552390e-03 -2.485558e-03 -7.522098e-04 4.672003e-05 2.444717e-04 1.513805e-04 8.700401e-05 3.880685e-04 1.421159e-03 3.631255e-03 7.605711e-03 1.400805e-02 2.303851e-02 3.340797e-02 4.258871e-02 4.912758e-02 5.326443e-02 5.554754e-02 5.608063e-02 5.440479e-02 -5.490575e-02
 -4.594445e-02 -4.064213e-02 -4.203259e-02 -4.147201e-02 -3.925686e-02 -3.557387e-02 -3.068335e-02 -2.510496e-02 -1.955200e-02 -1.461813e-02 -1.056683e-02 -7.380527e-03 -4.907332e-03 -2.959131e-03 -1.342787e-03 1.413287e-04 1.704404e-03 3.569281e-03 5.972291e-03 9.170493e-03 1.343145e-02 1.893737e-02 2.551969e-02 3.234774e-02 3.814987e-02 4.211287e-02 4.426611e-02 4.493011e-02 4.417841e-02 4.159857e-02 -4.594445e-02
 -3.133351e-02 -2.344784e-02 -2.604482e-02 -2.737193e-02 -2.771639e-02 -2.725971e-02 -2.615415e-02 -2.457853e-02 -2.271948e-02 -2.069694e-02 -1.850408e-02 -1.600332e-02 -1.297987e-02 -9.244453e-03 -4.759596e-03 2.789288e-04 5.484855e-03 1.044913e-02 1.492102e-02 1.887620e-02 2.244334e-02 2.575198e-02 2.878058e-02 3.128573e-02 3.290562e-02 3.341106e-02 3.283987e-02 3.134433e-02 2.893736e-02 2.526499e-02 -3.133351e-02
 -1.550475e-02 -6.428943e-03 -1.019923e-02 -1.347194e-02 -1.645839e-02 -1.928111e-02 -2.199942e-02 -2.462206e-02 -2.707698e-02 -2.913534e-02 -3.032002e-02 -2.986937e-02 -2.686248e-02 -2.058275e-02 -1.103413e-02 7.145716e-04 1.273389e-02 2.300102e-02 3.022803e-02 3.418679e-02 3.544206e-02 3.483651e-02 3.308868e-02 3.063893e-02 2.769391e-02 2.435452e-02 2.071116e-02 1.683777e-02 1.270290e-02 8.003448e-03 -1.550475e-02
 -2.021652e-03 7.650036e-03 3.074590e-03 -1.678816e-03 -6.771049e-03 -1.234362e-02 -1.852302e-02 -2.537577e-02 -3.277685e-02 -4.018713e-02 -4.640974e-02 -4.951125e-02 -4.716109e-02 -3.751646e-02 -2.044532e-02 1.574691e-03 2.388586e-02 4.168610e-02 5.218117e-02 5.521542e-02 5.247466e-02 4.625978e-02 3.855131e-02 3.061718e-02 2.306325e-02 1.607629e-02 9.656441e-03 3.746331e-03 -1.751837e-03 -7.076029e-03 -2.021652e-03
 7.819157e-03 1.624759e-02 1.174719e-02 6.605205e-03 5.385816e-04 -6.802150e-03 -1.582145e-02 -2.682918e-02 -3.971501e-02 -5.346568e-02 -6.574466e-02 -7.296978e-02 -7.117159e-02 -5.739688e-02 -3.137678e-02 2.819243e-03 3.710874e-02 6.337292e-02 7.743793e-02 7.942043e-02 7.212568e-02 5.944894e-02 4.500303e-02 3.122688e-02 1.924975e-02 9.274707e-03 1.055966e-03 -5.764194e-03 -1.149233e-02 -1.633288e-02 7.819157e-03
 1.360298e-02 1.841208e-02 1.518246e-02 1.101591e-02 5.303357e-03 -2.701081e-03 -1.385323e-02 -2.880207e-02 -4.734720e-02 -6.759755e-02 -8.553907e-02 -9.581431e-02 -9.345774e-02 -7.525389e-02 -4.094686e-02 4.233473e-03 4.907301e-02 8.267318e-02 1.002626e-01 1.021960e-01 9.151379e-02 7.297804e-02 5.187289e-02 3.229053e-02 1.627487e-02 4.167361e-03 -4.593653e-03 -1.082281e-02 -1.522153e-02 -1.814166e-02 1.360298e-02
 1.368726e-02 1.607282e-02 1.477101e-02 1.239610e-02 7.924431e-03 8.617360e-05 -1.253294e-02 -3.092170e-02 -5.458005e-02 -8.033534e-02 -1.022561e-01 -1.136738e-01 -1.096871e-01 -8.763011e-02 -4.728098e-02 5.615422e-03 5.763732e-02 9.617875e-02 1.166419e-01 1.195685e-01 1.074125e-01 8.477123e-02 5.814063e-02 3.347372e-02 1.409408e-02 6.673562e-04 -7.696869e-03 -1.239110e-02 -1.467560e-02 -1.531090e-02 1.368726e-02
 8.782177e-03 1.271483e-02 1.303990e-02 1.227751e-02 9.082225e-03 1.694876e-03 -1.180730e-02 -3.265569e-02 -5.994501e-02 -8.926904e-02 -1.131971e-01 -1.244778e-01 -1.188069e-01 -9.416791e-02 -5.030280e-02 6.885933e-03 6.270997e-02 1.037818e-01 1.259552e-01 1.299567e-01 1.175609e-01 9.273704e-02 6.253270e-02 3.435329e-02 1.270609e-02 -1.379861e-03 -9.075932e-03 -1.232312e-02 -1.291754e-02 -1.206705e-02 8.782177e-03
 1.164680e-03 1.103148e-02 1.211537e-02 1.203359e-02 9.372582e-03 2.176740e-03 -1.167674e-02 -3.348435e-02 -6.212329e-02 -9.265723e-02 -1.170980e-01 -1.280761e-01 -1.215987e-01 -9.589208e-02 -5.067498e-02 8.020205e-03 6.497730e-02 1.066382e-01 1.291752e-01 1.334481e-01 1.209759e-01 9.542582e-02 6.397725e-02 3.456638e-02 1.216228e-02 -2.069277e-03 -9.430714e-03 -1.210328e-02 -1.211475e-02 -1.091017e-02 1.164680e-03
 -6.637568e-03 1.208396e-02 1.286205e-02 1.222635e-02 9.013982e-03 1.509031e-03 -1.216459e-02 -3.317595e-02 -6.055870e-02 -8.986425e-02 -1.136465e-01 -1.246576e-01 -1.185811e-01 -9.335744e-02 -4.877223e-02 8.934882e-03 6.469642e-02 1.052535e-01 1.268075e-01 1.302585e-01 1.174388e-01 9.236101e-02 6.209080e-02 3.399330e-02 1.249698e-02 -1.441828e-03 -9.038140e-03 -1.225551e-02 -1.292454e-02 -1.243381e-02 -6.637568e-03
 -1.218846e-02 1.529491e-02 1.462947e-02 1.233011e-02 7.722081e-03 -3.702521e-04 -1.328782e-02 -3.193812e-02 -5.573883e-02 -8.144890e-02 -1.030960e-01 -1.139965e-01 -1.092197e-01 -8.604788e-02 -4.438590e-02 9.410826e-03 6.129085e-02 9.887467e-02 1.181800e-01 1.200883e-01 1.071785e-01 8.410966e-02 5.737274e-02 3.283118e-02 1.368384e-02 4.967441e-04 -7.675475e-03 -1.225432e-02 -1.455328e-02 -1.563027e-02 -1.218846e-02
 -1.319258e-02 1.814030e-02 1.521231e-02 1.084799e-02 4.799914e-03 -3.575502e-03 -1.507317e-02 -3.028420e-02 -4.894279e-02 -6.908677e-02 -8.663654e-02 -9.618440e-02 -9.272150e-02 -7.302705e-02 -3.709688e-02 9.105967e-03 5.371595e-02 8.609714e-02 1.021978e-01 1.028364e-01 9.123789e-02 7.220662e-02 5.096731e-02 3.148748e-02 1.568560e-02 3.821421e-03 -4.699203e-03 -1.069473e-02 -1.488630e-02 -1.785656e-02 -1.319258e-02
 -8.481241e-03 1.636484e-02 1.156795e-02 5.973492e-03 -5.453421e-04 -8.275984e-03 -1.758692e-02 -2.875802e-02 -4.163964e-02 -5.516192e-02 -6.691866e-02 -7.326243e-02 -7.019444e-02 -5.484253e-02 -2.728251e-02 7.775609e-03 4.178803e-02 6.686566e-02 7.945578e-02 8.015000e-02 7.195679e-02 5.878556e-02 4.415969e-02 3.039773e-02 1.853132e-02 8.711958e-03 6.881147e-04 -5.870285e-03 -1.122946e-02 -1.559195e-02 -8.481241e-03
 8.864155e-04 7.178881e-03 2.012846e-03 -3.224515e-03 -8.723745e-03 -1.458931e-02 -2.091535e-02 -2.774953e-02 -3.495033e-02 -4.195110e-02 -4.751490e-02 -4.967521e-02 -4.612084e-02 -3.514832e-02 -1.693384e-02 5.648921e-03 2.772482e-02 4.465071e-02 5.402677e-02 5.604489e-02 5.255997e-02 4.588715e-02 3.794031e-02 2.990375e-02 2.231956e-02 1.534487e-02 8.984402e-03 3.211996e-03 -2.013485e-03 -6.772607e-03 8.864155e-04
 1.484874e-02 -7.813402e-03 -1.224028e-02 -1.599793e-02 -1.935668e-02 -2.238091e-02 -2.507861e-02 -2.745017e-02 -2.945076e-02 -3.088629e-02 -3.130539e-02 -2.997234e-02 -2.602101e-02 -1.884714e-02 -8.620963e-03 3.429889e-03 1.531924e-02 2.511494e-02 3.171244e-02 3.505740e-02 3.581380e-02 3.484585e-02 3.284602e-02 3.021388e-02 2.712465e-02 2.367029e-02 1.995365e-02 1.607242e-02 1.203625e-02 7.713030e-03 1.484874e-02
 3.217680e-02 -2.508980e-02 -2.842693e-02 -3.037796e-02 -3.125482e-02 -3.109647e-02 -2.991330e-02 -2.786550e-02 -2.526548e-02 -2.240302e-02 -1.939173e-02 -1.615265e-02 -1.249973e-02 -8.270578e-03 -3.458608e-03 1.720027e-03 6.889155e-03 1.168576e-02 1.592484e-02 1.964203e-02 2.300264e-02 2.614464e-02 2.903078e-02 3.139087e-02 3.285103e-02 3.320295e-02 3.252023e-02 3.097820e-02 2.861180e-02 2.521409e-02 3.217680e-02
 4.876629e-02 -4.165868e-02 -4.388596e-02 -4.414610e-02 -4.278414e-02 -3.975800e-02 -3.498363e-02 -2.882316e-02 -2.224707e-02 -1.627150e-02 -1.139909e-02 -7.643374e-03 -4.800699e-03 -2.626211e-03 -8.848322e-04 6.534678e-04 2.225388e-03 4.078346e-03 6.473475e-03 9.692709e-03 1.402610e-02 1.966413e-02 2.640424e-02 3.332764e-02 3.910158e-02 4.296744e-02 4.504866e-02 4.570763e-02 4.503394e-02 4.276410e-02 4.876629e-02
 5.859369e-02 -5.499641e-02 -5.632018e-02 -5.528374e-02 -5.226157e-02 -4.712817e-02 -3.957332e-02 -2.997316e-02 -2.010942e-02 -1.199553e-02 -6.361570e-03 -2.878921e-03 -9.523664e-04 -7.367005e-05 1.529862e-04 7.303347e-05 2.703647e-05 3.672753e-04 1.479480e-03 3.843073e-03 8.106513e-03 1.500882e-02 2.473313e-02 3.571233e-02 4.512135e-02 5.162631e-02 5.571716e-02 5.803541e-02 5.870231e-02 5.743061e-02 5.859369e-02
 5.789241e-02 -6.285553e-02 -6.370201e-02 -6.201412e-02 -5.814384e-02 -5.191375e-02 -4.276398e-02 -3.080194e-02 -1.849549e-02 -9.053538e-03 -3.330360e-03 -4.263995e-04 7.259140e-04 8.632559e-04 4.444153e-04 -2.161453e-04 -8.537259e-04 -1.193115e-03 -8.787725e-04 6.526776e-04 4.368841e-03 1.172025e-02 2.368954e-02 3.800486e-02 4.983706e-02 5.767644e-02 6.273707e-02 6.587838e-02 6.720519e-02 6.647827e-02 5.789241e-02
 4.848821e-02 -6.362705e-02 -6.448189e-02 -6.288793e-02 -5.910396e-02 -5.290536e-02 -4.355156e-02 -3.066963e-02 -1.700668e-02 -6.986601e-03 -1.578484e-03 7.022625e-04 1.295484e-03 1.055059e-03 4.265994e-04 -3.508669e-04 -1.116492e-03 -1.701230e-03 -1.830004e-03 -9.490234e-04 2.087534e-03 9.364960e-03 2.286914e-02 3.943479e-02 5.195140e-02 5.960182e-02 6.446839e-02 6.744612e-02 6.861322e-02 6.786093e-02 4.848821e-02
 3.555915e-02 -5.669424e-02 -5.791227e-02 -5.701115e-02 -5.416063e-02 -4.908150e-02 -4.095096e-02 -2.885348e-02 -1.521183e-02 -5.402889e-03 -5.900052e-04 1.122524e-03 1.353166e-03 9.541957e-04 3.121024e-04 -4.083576e-04 -1.125664e-03 -1.752246e-03 -2.093696e-03 -1.661893e-03 7.166073e-04 7.547260e-03 2.179372e-02 3.899446e-02 5.004561e-02 5.602278e-02 5.962242e-02 6.156451e-02 6.192207e-02 6.073670e-02 3.555915e-02
 2.331111e-02 -4.229104e-02 -4.411573e-02 -4.421626e-02 -4.284365e-02 -3.971403e-02 -3.405121e-02 -2.453516e-02 -1.260455e-02 -3.922318e-03 3.600168e-05 1.242223e-03 1.250699e-03 8.061599e-04 2.122718e-04 -4.229379e-04 -1.061858e-03 -1.662319e-03 -2.092035e-03 -1.955985e-03 -1.837089e-04 5.863130e-03 1.986553e-02 3.535321e-02 4.272666e-02 4.598707e-02 4.765914e-02 4.811520e-02 4.742656e-02 4.571999e-02 2.331111e-02
 1.306848e-02 -1.985594e-02 -2.303181e-02 -2.427824e-02 -2.456384e-02 -2.378052e-02 -2.140984e-02 -1.618981e-02 -8.139815e-03 -1.859579e-03 8.501508e-04 1.519716e-03 1.341663e-03 8.511333e-04 2.541557e-04 -3.791430e-04 -1.024788e-03 -1.655285e-03 -2.180403e-03 -2.312820e-03 -1.198778e-03 3.610056e-03 1.597167e-02 2.625776e-02 2.859994e-02 2.915208e-02 2.904602e-02 2.827224e-02 2.689537e-02 2.515455e-02 1.306848e-02
 3.667056e-03 -1.237453e-03 -1.741345e-03 -1.040110e-03 3.528571e-05 1.205467e-03 2.317429e-03 3.228359e-03 3.805171e-03 3.980008e-03 3.782301e-03 3.306692e-03 2.656481e-03 1.910828e-03 1.120595e-03 3.167908e-04 -4.795931e-04 -1.249604e-03 -1.969555e-03 -2.603929e-03 -3.097450e-03 -3.369980e-03 -3.326390e-03 -2.897906e-03 -2.102765e-03 -1.057428e-03 1.013223e-04 1.303564e-03 2.570783e-03 4.021624e-03 3.667056e-03
