 x  31 31 
 -1.950969e-01 -1.820904e-01 -1.690839e-01 -1.560775e-01 -1.430710e-01 -1.300646e-01 -1.170581e-01 -1.040517e-01 -9.104520e-02 -7.803874e-02 -6.503229e-02 -5.202583e-02 -3.901937e-02 -2.601291e-02 -1.300646e-02 0.000000e+00 1.300646e-02 2.601291e-02 3.901937e-02 5.202583e-02 6.503229e-02 7.803874e-02 9.104520e-02 1.040517e-01 1.170581e-01 1.300646e-01 1.430710e-01 1.560775e-01 1.690839e-01 1.820904e-01 1.950969e-01
 -1.950969e-01 -1.820904e-01 -1.690839e-01 -1.560775e-01 -1.430710e-01 -1.300646e-01 -1.170581e-01 -1.040517e-01 -9.104520e-02 -7.803874e-02 -6.503229e-02 -5.202583e-02 -3.901937e-02 -2.601291e-02 -1.300646e-02 0.000000e+00 1.300646e-02 2.601291e-02 3.901937e-02 5.202583e-02 6.503229e-02 7.803874e-02 9.104520e-02 1.040517e-01 1.170581e-01 1.300646e-01 1.430710e-01 1.560775e-01 1.690839e-01 1.820904e-01 1.950969e-01
 -1.950969e-01 -1.820904e-01 -1.690839e-01 -1.560775e-01 -1.430710e-01 -1.300646e-01 -1.170581e-01 -1.040517e-01 -9.104520e-02 -7.803874e-02 -6.503229e-02 -5.202583e-02 -3.901937e-02 -2.601291e-02 -1.300646e-02 0.000000e+00 1.300646e-02 2.601291e-02 3.901937e-02 5.202583e-02 6.503229e-02 7.803874e-02 9.104520e-02 1.040517e-01 1.170581e-01 1.300646e-01 1.430710e-01 1.560775e-01 1.690839e-01 1.820904e-01 1.950969e-01
 -1.950969e-01 -1.820904e-01 -1.690839e-01 -1.560775e-01 -1.430710e-01 -1.300646e-01 -1.170581e-01 -1.040517e-01 -9.104520e-02 -7.803874e-02 -6.503229e-02 -5.202583e-02 -3.901937e-02 -2.601291e-02 -1.300646e-02 0.000000e+00 1.300646e-02 2.601291e-02 3.901937e-02 5.202583e-02 6.503229e-02 7.803874e-02 9.104520e-02 1.040517e-01 1.170581e-01 1.300646e-01 1.430710e-01 1.560775e-01 1.690839e-01 1.820904e-01 1.950969e-01
 -1.950969e-01 -1.820904e-01 -1.690839e-01 -1.560775e-01 -1.430710e-01 -1.300646e-01 -1.170581e-01 -1.040517e-01 -9.104520e-02 -7.803874e-02 -6.503229e-02 -5.202583e-02 -3.901937e-02 -2.601291e-02 -1.300646e-02 0.000000e+00 1.300646e-02 2.601291e-02 3.901937e-02 5.202583e-02 6.503229e-02 7.803874e-02 9.104520e-02 1.040517e-01 1.170581e-01 1.300646e-01 1.430710e-01 1.560775e-01 1.690839e-01 1.820904e-01 1.950969e-01
 -1.950969e-01 -1.820904e-01 -1.690839e-01 -1.560775e-01 -1.430710e-01 -1.300646e-01 -1.170581e-01 -1.040517e-01 -9.104520e-02 -7.803874e-02 -6.503229e-02 -5.202583e-02 -3.901937e-02 -2.601291e-02 -1.300646e-02 0.000000e+00 1.300646e-02 2.601291e-02 3.901937e-02 5.202583e-02 6.503229e-02 7.803874e-02 9.104520e-02 1.040517e-01 1.170581e-01 1.300646e-01 1.430710e-01 1.560775e-01 1.690839e-01 1.820904e-01 1.950969e-01
 -1.950969e-01 -1.820904e-01 -1.690839e-01 -1.560775e-01 -1.430710e-01 -1.300646e-01 -1.170581e-01 -1.040517e-01 -9.104520e-02 -7.803874e-02 -6.503229e-02 -5.202583e-02 -3.901937e-02 -2.601291e-02 -1.300646e-02 0.000000e+00 1.300646e-02 2.601291e-02 3.901937e-02 5.202583e-02 6.503229e-02 7.803874e-02 9.104520e-02 1.040517e-01 1.170581e-01 1.300646e-01 1.430710e-01 1.560775e-01 1.690839e-01 1.820904e-01 1.950969e-01
 -1.950969e-01 -1.820904e-01 -1.690839e-01 -1.560775e-01 -1.430710e-01 -1.300646e-01 -1.170581e-01 -1.040517e-01 -9.104520e-02 -7.803874e-02 -6.503229e-02 -5.202583e-02 -3.901937e-02 -2.601291e-02 -1.300646e-02 0.000000e+00 1.300646e-02 2.601291e-02 3.901937e-02 5.202583e-02 6.503229e-02 7.803874e-02 9.104520e-02 1.040517e-01 1.170581e-01 1.300646e-01 1.430710e-01 1.560775e-01 1.690839e-01 1.820904e-01 1.950969e-01
 -1.950969e-01 -1.820904e-01 -1.690839e-01 -1.560775e-01 -1.430710e-01 -1.300646e-01 -1.170581e-01 -1.040517e-01 -9.104520e-02 -7.803874e-02 -6.503229e-02 -5.202583e-02 -3.901937e-02 -2.601291e-02 -1.300646e-02 0.000000e+00 1.300646e-02 2.601291e-02 3.901937e-02 5.202583e-02 6.503229e-02 7.803874e-02 9.104520e-02 1.040517e-01 1.170581e-01 1.300646e-01 1.430710e-01 1.560775e-01 1.690839e-01 1.820904e-01 1.950969e-01
 -1.950969e-01 -1.820904e-01 -1.690839e-01 -1.560775e-01 -1.430710e-01 -1.300646e-01 -1.170581e-01 -1.040517e-01 -9.104520e-02 -7.803874e-02 -6.503229e-02 -5.202583e-02 -3.901937e-02 -2.601291e-02 -1.300646e-02 0.000000e+00 1.300646e-02 2.601291e-02 3.901937e-02 5.202583e-02 6.503229e-02 7.803874e-02 9.104520e-02 1.040517e-01 1.170581e-01 1.300646e-01 1.430710e-01 1.560775e-01 1.690839e-01 1.820904e-01 1.950969e-01
 -1.950969e-01 -1.820904e-01 -1.690839e-01 -1.560775e-01 -1.430710e-01 -1.300646e-01 -1.170581e-01 -1.040517e-01 -9.104520e-02 -7.803874e-02 -6.503229e-02 -5.202583e-02 -3.901937e-02 -2.601291e-02 -1.300646e-02 0.000000e+00 1.300646e-02 2.601291e-02 3.901937e-02 5.202583e-02 6.503229e-02 7.803874e-02 9.104520e-02 1.040517e-01 1.170581e-01 1.300646e-01 1.430710e-01 1.560775e-01 1.690839e-01 1.820904e-01 1.950969e-01
 -1.950969e-01 -1.820904e-01 -1.690839e-01 -1.560775e-01 -1.430710e-01 -1.300646e-01 -1.170581e-01 -1.040517e-01 -9.104520e-02 -7.803874e-02 -6.503229e-02 -5.202583e-02 -3.901937e-02 -2.601291e-02 -1.300646e-02 0.000000e+00 1.300646e-02 2.601291e-02 3.901937e-02 5.202583e-02 6.503229e-02 7.803874e-02 9.104520e-02 1.040517e-01 1.170581e-01 1.300646e-01 1.430710e-01 1.560775e-01 1.690839e-01 1.820904e-01 1.950969e-01
 -1.950969e-01 -1.820904e-01 -1.690839e-01 -1.560775e-01 -1.430710e-01 -1.300646e-01 -1.170581e-01 -1.040517e-01 -9.104520e-02 -7.803874e-02 -6.503229e-02 -5.202583e-02 -3.901937e-02 -2.601291e-02 -1.300646e-02 0.000000e+00 1.300646e-02 2.601291e-02 3.901937e-02 5.202583e-02 6.503229e-02 7.803874e-02 9.104520e-02 1.040517e-01 1.170581e-01 1.300646e-01 1.430710e-01 1.560775e-01 1.690839e-01 1.820904e-01 1.950969e-01
 -1.950969e-01 -1.820904e-01 -1.690839e-01 -1.560775e-01 -1.430710e-01 -1.300646e-01 -1.170581e-01 -1.040517e-01 -9.104520e-02 -7.803874e-02 -6.503229e-02 -5.202583e-02 -3.901937e-02 -2.601291e-02 -1.300646e-02 0.000000e+00 1.300646e-02 2.601291e-02 3.901937e-02 5.202583e-02 6.503229e-02 7.803874e-02 9.104520e-02 1.040517e-01 1.170581e-01 1.300646e-01 1.430710e-01 1.560775e-01 1.690839e-01 1.820904e-01 1.950969e-01
 -1.950969e-01 -1.820904e-01 -1.690839e-01 -1.560775e-01 -1.430710e-01 -1.300646e-01 -1.170581e-01 -1.040517e-01 -9.104520e-02 -7.803874e-02 -6.503229e-02 -5.202583e-02 -3.901937e-02 -2.601291e-02 -1.300646e-02 0.000000e+00 1.300646e-02 2.601291e-02 3.901937e-02 5.202583e-02 6.503229e-02 7.803874e-02 9.104520e-02 1.040517e-01 1.170581e-01 1.300646e-01 1.430710e-01 1.560775e-01 1.690839e-01 1.820904e-01 1.950969e-01
 -1.950969e-01 -1.820904e-01 -1.690839e-01 -1.560775e-01 -1.430710e-01 -1.300646e-01 -1.170581e-01 -1.040517e-01 -9.104520e-02 -7.803874e-02 -6.503229e-02 -5.202583e-02 -3.901937e-02 -2.601291e-02 -1.300646e-02 0.000000e+00 1.300646e-02 2.601291e-02 3.901937e-02 5.202583e-02 6.503229e-02 7.803874e-02 9.104520e-02 1.040517e-01 1.170581e-01 1.300646e-01 1.430710e-01 1.560775e-01 1.690839e-01 1.820904e-01 1.950969e-01
 -1.950969e-01 -1.820904e-01 -1.690839e-01 -1.560775e-01 -1.430710e-01 -1.300646e-01 -1.170581e-01 -1.040517e-01 -9.104520e-02 -7.803874e-02 -6.503229e-02 -5.202583e-02 -3.901937e-02 -2.601291e-02 -1.300646e-02 0.000000e+00 1.300646e-02 2.601291e-02 3.901937e-02 5.202583e-02 6.503229e-02 7.803874e-02 9.104520e-02 1.040517e-01 1.170581e-01 1.300646e-01 1.430710e-01 1.560775e-01 1.690839e-01 1.820904e-01 1.950969e-01
 -1.950969e-01 -1.820904e-01 -1.690839e-01 -1.560775e-01 -1.430710e-01 -1.300646e-01 -1.170581e-01 -1.040517e-01 -9.104520e-02 -7.803874e-02 -6.503229e-02 -5.202583e-02 -3.901937e-02 -2.601291e-02 -1.300646e-02 0.000000e+00 1.300646e-02 2.601291e-02 3.901937e-02 5.202583e-02 6.503229e-02 7.803874e-02 9.104520e-02 1.040517e-01 1.170581e-01 1.300646e-01 1.430710e-01 1.560775e-01 1.690839e-01 1.820904e-01 1.950969e-01
 -1.950969e-01 -1.820904e-01 -1.690839e-01 -1.560775e-01 -1.430710e-01 -1.300646e-01 -1.170581e-01 -1.040517e-01 -9.104520e-02 -7.803874e-02 -6.503229e-02 -5.202583e-02 -3.901937e-02 -2.601291e-02 -1.300646e-02 0.000000e+00 1.300646e-02 2.601291e-02 3.901937e-02 5.202583e-02 6.503229e-02 7.803874e-02 9.104520e-02 1.040517e-01 1.170581e-01 1.300646e-01 1.430710e-01 1.560775e-01 1.690839e-01 1.820904e-01 1.950969e-01
 -1.950969e-01 -1.820904e-01 -1.690839e-01 -1.560775e-01 -1.430710e-01 -1.300646e-01 -1.170581e-01 -1.040517e-01 -9.104520e-02 -7.803874e-02 -6.503229e-02 -5.202583e-02 -3.901937e-02 -2.601291e-02 -1.300646e-02 0.000000e+00 1.300646e-02 2.601291e-02 3.901937e-02 5.202583e-02 6.503229e-02 7.803874e-02 9.104520e-02 1.040517e-01 1.170581e-01 1.300646e-01 1.430710e-01 1.560775e-01 1.690839e-01 1.820904e-01 1.950969e-01
 -1.950969e-01 -1.820904e-01 -1.690839e-01 -1.560775e-01 -1.430710e-01 -1.300646e-01 -1.170581e-01 -1.040517e-01 -9.104520e-02 -7.803874e-02 -6.503229e-02 -5.202583e-02 -3.901937e-02 -2.601291e-02 -1.300646e-02 0.000000e+00 1.300646e-02 2.601291e-02 3.901937e-02 5.202583e-02 6.503229e-02 7.803874e-02 9.104520e-02 1.040517e-01 1.170581e-01 1.300646e-01 1.430710e-01 1.560775e-01 1.690839e-01 1.820904e-01 1.950969e-01
 -1.950969e-01 -1.820904e-01 -1.690839e-01 -1.560775e-01 -1.430710e-01 -1.300646e-01 -1.170581e-01 -1.040517e-01 -9.104520e-02 -7.803874e-02 -6.503229e-02 -5.202583e-02 -3.901937e-02 -2.601291e-02 -1.300646e-02 0.000000e+00 1.300646e-02 2.601291e-02 3.901937e-02 5.202583e-02 6.503229e-02 7.803874e-02 9.104520e-02 1.040517e-01 1.170581e-01 1.300646e-01 1.430710e-01 1.560775e-01 1.690839e-01 1.820904e-01 1.950969e-01
 -1.950969e-01 -1.820904e-01 -1.690839e-01 -1.560775e-01 -1.430710e-01 -1.300646e-01 -1.170581e-01 -1.040517e-01 -9.104520e-02 -7.803874e-02 -6.503229e-02 -5.202583e-02 -3.901937e-02 -2.601291e-02 -1.300646e-02 0.000000e+00 1.300646e-02 2.601291e-02 3.901937e-02 5.202583e-02 6.503229e-02 7.803874e-02 9.104520e-02 1.040517e-01 1.170581e-01 1.300646e-01 1.430710e-01 1.560775e-01 1.690839e-01 1.820904e-01 1.950969e-01
 -1.950969e-01 -1.820904e-01 -1.690839e-01 -1.560775e-01 -1.430710e-01 -1.300646e-01 -1.170581e-01 -1.040517e-01 -9.104520e-02 -7.803874e-02 -6.503229e-02 -5.202583e-02 -3.901937e-02 -2.601291e-02 -1.300646e-02 0.000000e+00 1.300646e-02 2.601291e-02 3.901937e-02 5.202583e-02 6.503229e-02 7.803874e-02 9.104520e-02 1.040517e-01 1.170581e-01 1.300646e-01 1.430710e-01 1.560775e-01 1.690839e-01 1.820904e-01 1.950969e-01
 -1.950969e-01 -1.820904e-01 -1.690839e-01 -1.560775e-01 -1.430710e-01 -1.300646e-01 -1.170581e-01 -1.040517e-01 -9.104520e-02 -7.803874e-02 -6.503229e-02 -5.202583e-02 -3.901937e-02 -2.601291e-02 -1.300646e-02 0.000000e+00 1.300646e-02 2.601291e-02 3.901937e-02 5.202583e-02 6.503229e-02 7.803874e-02 9.104520e-02 1.040517e-01 1.170581e-01 1.300646e-01 1.430710e-01 1.560775e-01 1.690839e-01 1.820904e-01 1.950969e-01
 -1.950969e-01 -1.820904e-01 -1.690839e-01 -1.560775e-01 -1.430710e-01 -1.300646e-01 -1.170581e-01 -1.040517e-01 -9.104520e-02 -7.803874e-02 -6.503229e-02 -5.202583e-02 -3.901937e-02 -2.601291e-02 -1.300646e-02 0.000000e+00 1.300646e-02 2.601291e-02 3.901937e-02 5.202583e-02 6.503229e-02 7.803874e-02 9.104520e-02 1.040517e-01 1.170581e-01 1.300646e-01 1.430710e-01 1.560775e-01 1.690839e-01 1.820904e-01 1.950969e-01
 -1.950969e-01 -1.820904e-01 -1.690839e-01 -1.560775e-01 -1.430710e-01 -1.300646e-01 -1.170581e-01 -1.040517e-01 -9.104520e-02 -7.803874e-02 -6.503229e-02 -5.202583e-02 -3.901937e-02 -2.601291e-02 -1.300646e-02 0.000000e+00 1.300646e-02 2.601291e-02 3.901937e-02 5.202583e-02 6.503229e-02 7.803874e-02 9.104520e-02 1.040517e-01 1.170581e-01 1.300646e-01 1.430710e-01 1.560775e-01 1.690839e-01 1.820904e-01 1.950969e-01
 -1.950969e-01 -1.820904e-01 -1.690839e-01 -1.560775e-01 -1.430710e-01 -1.300646e-01 -1.170581e-01 -1.040517e-01 -9.104520e-02 -7.803874e-02 -6.503229e-02 -5.202583e-02 -3.901937e-02 -2.601291e-02 -1.300646e-02 0.000000e+00 1.300646e-02 2.601291e-02 3.901937e-02 5.202583e-02 6.503229e-02 7.803874e-02 9.104520e-02 1.040517e-01 1.170581e-01 1.300646e-01 1.430710e-01 1.560775e-01 1.690839e-01 1.820904e-01 1.950969e-01
 -1.950969e-01 -1.820904e-01 -1.690839e-01 -1.560775e-01 -1.430710e-01 -1.300646e-01 -1.170581e-01 -1.040517e-01 -9.104520e-02 -7.803874e-02 -6.503229e-02 -5.202583e-02 -3.901937e-02 -2.601291e-02 -1.300646e-02 0.000000e+00 1.300646e-02 2.601291e-02 3.901937e-02 5.202583e-02 6.503229e-02 7.803874e-02 9.104520e-02 1.040517e-01 1.170581e-01 1.300646e-01 1.430710e-01 1.560775e-01 1.690839e-01 1.820904e-01 1.950969e-01
 -1.950969e-01 -1.820904e-01 -1.690839e-01 -1.560775e-01 -1.430710e-01 -1.300646e-01 -1.170581e-01 -1.040517e-01 -9.104520e-02 -7.803874e-02 -6.503229e-02 -5.202583e-02 -3.901937e-02 -2.601291e-02 -1.300646e-02 0.000000e+00 1.300646e-02 2.601291e-02 3.901937e-02 5.202583e-02 6.503229e-02 7.803874e-02 9.104520e-02 1.040517e-01 1.170581e-01 1.300646e-01 1.430710e-01 1.560775e-01 1.690839e-01 1.820904e-01 1.950969e-01
 -1.950969e-01 -1.820904e-01 -1.690839e-01 -1.560775e-01 -1.430710e-01 -1.300646e-01 -1.170581e-01 -1.040517e-01 -9.104520e-02 -7.803874e-02 -6.503229e-02 -5.202583e-02 -3.901937e-02 -2.601291e-02 -1.300646e-02 0.000000e+00 1.300646e-02 2.601291e-02 3.901937e-02 5.202583e-02 6.503229e-02 7.803874e-02 9.104520e-02 1.040517e-01 1.170581e-01 1.300646e-01 1.430710e-01 1.560775e-01 1.690839e-01 1.820904e-01 1.950969e-01
 y  31 31 
 -1.840612e-01 -1.840612e-01 -1.840612e-01 -1.840612e-01 -1.840612e-01 -1.840612e-01 -1.840612e-01 -1.840612e-01 -1.840612e-01 -1.840612e-01 -1.840612e-01 -1.840612e-01 -1.840612e-01 -1.840612e-01 -1.840612e-01 -1.840612e-01 -1.840612e-01 -1.840612e-01 -1.840612e-01 -1.840612e-01 -1.840612e-01 -1.840612e-01 -1.840612e-01 -1.840612e-01 -1.840612e-01 -1.840612e-01 -1.840612e-01 -1.840612e-01 -1.840612e-01 -1.840612e-01 -1.840612e-01
 -1.717905e-01 -1.717905e-01 -1.717905e-01 -1.717905e-01 -1.717905e-01 -1.717905e-01 -1.717905e-01 -1.717905e-01 -1.717905e-01 -1.717905e-01 -1.717905e-01 -1.717905e-01 -1.717905e-01 -1.717905e-01 -1.717905e-01 -1.717905e-01 -1.717905e-01 -1.717905e-01 -1.717905e-01 -1.717905e-01 -1.717905e-01 -1.717905e-01 -1.717905e-01 -1.717905e-01 -1.717905e-01 -1.717905e-01 -1.717905e-01 -1.717905e-01 -1.717905e-01 -1.717905e-01 -1.717905e-01
 -1.595197e-01 -1.595197e-01 -1.595197e-01 -1.595197e-01 -1.595197e-01 -1.595197e-01 -1.595197e-01 -1.595197e-01 -1.595197e-01 -1.595197e-01 -1.595197e-01 -1.595197e-01 -1.595197e-01 -1.595197e-01 -1.595197e-01 -1.595197e-01 -1.595197e-01 -1.595197e-01 -1.595197e-01 -1.595197e-01 -1.595197e-01 -1.595197e-01 -1.595197e-01 -1.595197e-01 -1.595197e-01 -1.595197e-01 -1.595197e-01 -1.595197e-01 -1.595197e-01 -1.595197e-01 -1.595197e-01
 -1.472490e-01 -1.472490e-01 -1.472490e-01 -1.472490e-01 -1.472490e-01 -1.472490e-01 -1.472490e-01 -1.472490e-01 -1.472490e-01 -1.472490e-01 -1.472490e-01 -1.472490e-01 -1.472490e-01 -1.472490e-01 -1.472490e-01 -1.472490e-01 -1.472490e-01 -1.472490e-01 -1.472490e-01 -1.472490e-01 -1.472490e-01 -1.472490e-01 -1.472490e-01 -1.472490e-01 -1.472490e-01 -1.472490e-01 -1.472490e-01 -1.472490e-01 -1.472490e-01 -1.472490e-01 -1.472490e-01
 -1.349782e-01 -1.349782e-01 -1.349782e-01 -1.349782e-01 -1.349782e-01 -1.349782e-01 -1.349782e-01 -1.349782e-01 -1.349782e-01 -1.349782e-01 -1.349782e-01 -1.349782e-01 -1.349782e-01 -1.349782e-01 -1.349782e-01 -1.349782e-01 -1.349782e-01 -1.349782e-01 -1.349782e-01 -1.349782e-01 -1.349782e-01 -1.349782e-01 -1.349782e-01 -1.349782e-01 -1.349782e-01 -1.349782e-01 -1.349782e-01 -1.349782e-01 -1.349782e-01 -1.349782e-01 -1.349782e-01
 -1.227075e-01 -1.227075e-01 -1.227075e-01 -1.227075e-01 -1.227075e-01 -1.227075e-01 -1.227075e-01 -1.227075e-01 -1.227075e-01 -1.227075e-01 -1.227075e-01 -1.227075e-01 -1.227075e-01 -1.227075e-01 -1.227075e-01 -1.227075e-01 -1.227075e-01 -1.227075e-01 -1.227075e-01 -1.227075e-01 -1.227075e-01 -1.227075e-01 -1.227075e-01 -1.227075e-01 -1.227075e-01 -1.227075e-01 -1.227075e-01 -1.227075e-01 -1.227075e-01 -1.227075e-01 -1.227075e-01
 -1.104367e-01 -1.104367e-01 -1.104367e-01 -1.104367e-01 -1.104367e-01 -1.104367e-01 -1.104367e-01 -1.104367e-01 -1.104367e-01 -1.104367e-01 -1.104367e-01 -1.104367e-01 -1.104367e-01 -1.104367e-01 -1.104367e-01 -1.104367e-01 -1.104367e-01 -1.104367e-01 -1.104367e-01 -1.104367e-01 -1.104367e-01 -1.104367e-01 -1.104367e-01 -1.104367e-01 -1.104367e-01 -1.104367e-01 -1.104367e-01 -1.104367e-01 -1.104367e-01 -1.104367e-01 -1.104367e-01
 -9.816598e-02 -9.816598e-02 -9.816598e-02 -9.816598e-02 -9.816598e-02 -9.816598e-02 -9.816598e-02 -9.816598e-02 -9.816598e-02 -9.816598e-02 -9.816598e-02 -9.816598e-02 -9.816598e-02 -9.816598e-02 -9.816598e-02 -9.816598e-02 -9.816598e-02 -9.816598e-02 -9.816598e-02 -9.816598e-02 -9.816598e-02 -9.816598e-02 -9.816598e-02 -9.816598e-02 -9.816598e-02 -9.816598e-02 -9.816598e-02 -9.816598e-02 -9.816598e-02 -9.816598e-02 -9.816598e-02
 -8.589524e-02 -8.589524e-02 -8.589524e-02 -8.589524e-02 -8.589524e-02 -8.589524e-02 -8.589524e-02 -8.589524e-02 -8.589524e-02 -8.589524e-02 -8.589524e-02 -8.589524e-02 -8.589524e-02 -8.589524e-02 -8.589524e-02 -8.589524e-02 -8.589524e-02 -8.589524e-02 -8.589524e-02 -8.589524e-02 -8.589524e-02 -8.589524e-02 -8.589524e-02 -8.589524e-02 -8.589524e-02 -8.589524e-02 -8.589524e-02 -8.589524e-02 -8.589524e-02 -8.589524e-02 -8.589524e-02
 -7.362449e-02 -7.362449e-02 -7.362449e-02 -7.362449e-02 -7.362449e-02 -7.362449e-02 -7.362449e-02 -7.362449e-02 -7.362449e-02 -7.362449e-02 -7.362449e-02 -7.362449e-02 -7.362449e-02 -7.362449e-02 -7.362449e-02 -7.362449e-02 -7.362449e-02 -7.362449e-02 -7.362449e-02 -7.362449e-02 -7.362449e-02 -7.362449e-02 -7.362449e-02 -7.362449e-02 -7.362449e-02 -7.362449e-02 -7.362449e-02 -7.362449e-02 -7.362449e-02 -7.362449e-02 -7.362449e-02
 -6.135374e-02 -6.135374e-02 -6.135374e-02 -6.135374e-02 -6.135374e-02 -6.135374e-02 -6.135374e-02 -6.135374e-02 -6.135374e-02 -6.135374e-02 -6.135374e-02 -6.135374e-02 -6.135374e-02 -6.135374e-02 -6.135374e-02 -6.135374e-02 -6.135374e-02 -6.135374e-02 -6.135374e-02 -6.135374e-02 -6.135374e-02 -6.135374e-02 -6.135374e-02 -6.135374e-02 -6.135374e-02 -6.135374e-02 -6.135374e-02 -6.135374e-02 -6.135374e-02 -6.135374e-02 -6.135374e-02
 -4.908299e-02 -4.908299e-02 -4.908299e-02 -4.908299e-02 -4.908299e-02 -4.908299e-02 -4.908299e-02 -4.908299e-02 -4.908299e-02 -4.908299e-02 -4.908299e-02 -4.908299e-02 -4.908299e-02 -4.908299e-02 -4.908299e-02 -4.908299e-02 -4.908299e-02 -4.908299e-02 -4.908299e-02 -4.908299e-02 -4.908299e-02 -4.908299e-02 -4.908299e-02 -4.908299e-02 -4.908299e-02 -4.908299e-02 -4.908299e-02 -4.908299e-02 -4.908299e-02 -4.908299e-02 -4.908299e-02
 -3.681224e-02 -3.681224e-02 -3.681224e-02 -3.681224e-02 -3.681224e-02 -3.681224e-02 -3.681224e-02 -3.681224e-02 -3.681224e-02 -3.681224e-02 -3.681224e-02 -3.681224e-02 -3.681224e-02 -3.681224e-02 -3.681224e-02 -3.681224e-02 -3.681224e-02 -3.681224e-02 -3.681224e-02 -3.681224e-02 -3.681224e-02 -3.681224e-02 -3.681224e-02 -3.681224e-02 -3.681224e-02 -3.681224e-02 -3.681224e-02 -3.681224e-02 -3.681224e-02 -3.681224e-02 -3.681224e-02
 -2.454150e-02 -2.454150e-02 -2.454150e-02 -2.454150e-02 -2.454150e-02 -2.454150e-02 -2.454150e-02 -2.454150e-02 -2.454150e-02 -2.454150e-02 -2.454150e-02 -2.454150e-02 -2.454150e-02 -2.454150e-02 -2.454150e-02 -2.454150e-02 -2.454150e-02 -2.454150e-02 -2.454150e-02 -2.454150e-02 -2.454150e-02 -2.454150e-02 -2.454150e-02 -2.454150e-02 -2.454150e-02 -2.454150e-02 -2.454150e-02 -2.454150e-02 -2.454150e-02 -2.454150e-02 -2.454150e-02
 -1.227075e-02 -1.227075e-02 -1.227075e-02 -1.227075e-02 -1.227075e-02 -1.227075e-02 -1.227075e-02 -1.227075e-02 -1.227075e-02 -1.227075e-02 -1.227075e-02 -1.227075e-02 -1.227075e-02 -1.227075e-02 -1.227075e-02 -1.227075e-02 -1.227075e-02 -1.227075e-02 -1.227075e-02 -1.227075e-02 -1.227075e-02 -1.227075e-02 -1.227075e-02 -1.227075e-02 -1.227075e-02 -1.227075e-02 -1.227075e-02 -1.227075e-02 -1.227075e-02 -1.227075e-02 -1.227075e-02
 0.000000e+00 0.000000e+00 0.000000e+00 0.000000e+00 0.000000e+00 0.000000e+00 0.000000e+00 0.000000e+00 0.000000e+00 0.000000e+00 0.000000e+00 0.000000e+00 0.000000e+00 0.000000e+00 0.000000e+00 0.000000e+00 0.000000e+00 0.000000e+00 0.000000e+00 0.000000e+00 0.000000e+00 0.000000e+00 0.000000e+00 0.000000e+00 0.000000e+00 0.000000e+00 0.000000e+00 0.000000e+00 0.000000e+00 0.000000e+00 0.000000e+00
 1.227075e-02 1.227075e-02 1.227075e-02 1.227075e-02 1.227075e-02 1.227075e-02 1.227075e-02 1.227075e-02 1.227075e-02 1.227075e-02 1.227075e-02 1.227075e-02 1.227075e-02 1.227075e-02 1.227075e-02 1.227075e-02 1.227075e-02 1.227075e-02 1.227075e-02 1.227075e-02 1.227075e-02 1.227075e-02 1.227075e-02 1.227075e-02 1.227075e-02 1.227075e-02 1.227075e-02 1.227075e-02 1.227075e-02 1.227075e-02 1.227075e-02
 2.454150e-02 2.454150e-02 2.454150e-02 2.454150e-02 2.454150e-02 2.454150e-02 2.454150e-02 2.454150e-02 2.454150e-02 2.454150e-02 2.454150e-02 2.454150e-02 2.454150e-02 2.454150e-02 2.454150e-02 2.454150e-02 2.454150e-02 2.454150e-02 2.454150e-02 2.454150e-02 2.454150e-02 2.454150e-02 2.454150e-02 2.454150e-02 2.454150e-02 2.454150e-02 2.454150e-02 2.454150e-02 2.454150e-02 2.454150e-02 2.454150e-02
 3.681224e-02 3.681224e-02 3.681224e-02 3.681224e-02 3.681224e-02 3.681224e-02 3.681224e-02 3.681224e-02 3.681224e-02 3.681224e-02 3.681224e-02 3.681224e-02 3.681224e-02 3.681224e-02 3.681224e-02 3.681224e-02 3.681224e-02 3.681224e-02 3.681224e-02 3.681224e-02 3.681224e-02 3.681224e-02 3.681224e-02 3.681224e-02 3.681224e-02 3.681224e-02 3.681224e-02 3.681224e-02 3.681224e-02 3.681224e-02 3.681224e-02
 4.908299e-02 4.908299e-02 4.908299e-02 4.908299e-02 4.908299e-02 4.908299e-02 4.908299e-02 4.908299e-02 4.908299e-02 4.908299e-02 4.908299e-02 4.908299e-02 4.908299e-02 4.908299e-02 4.908299e-02 4.908299e-02 4.908299e-02 4.908299e-02 4.908299e-02 4.908299e-02 4.908299e-02 4.908299e-02 4.908299e-02 4.908299e-02 4.908299e-02 4.908299e-02 4.908299e-02 4.908299e-02 4.908299e-02 4.908299e-02 4.908299e-02
 6.135374e-02 6.135374e-02 6.135374e-02 6.135374e-02 6.135374e-02 6.135374e-02 6.135374e-02 6.135374e-02 6.135374e-02 6.135374e-02 6.135374e-02 6.135374e-02 6.135374e-02 6.135374e-02 6.135374e-02 6.135374e-02 6.135374e-02 6.135374e-02 6.135374e-02 6.135374e-02 6.135374e-02 6.135374e-02 6.135374e-02 6.135374e-02 6.135374e-02 6.135374e-02 6.135374e-02 6.135374e-02 6.135374e-02 6.135374e-02 6.135374e-02
 7.362449e-02 7.362449e-02 7.362449e-02 7.362449e-02 7.362449e-02 7.362449e-02 7.362449e-02 7.362449e-02 7.362449e-02 7.362449e-02 7.362449e-02 7.362449e-02 7.362449e-02 7.362449e-02 7.362449e-02 7.362449e-02 7.362449e-02 7.362449e-02 7.362449e-02 7.362449e-02 7.362449e-02 7.362449e-02 7.362449e-02 7.362449e-02 7.362449e-02 7.362449e-02 7.362449e-02 7.362449e-02 7.362449e-02 7.362449e-02 7.362449e-02
 8.589524e-02 8.589524e-02 8.589524e-02 8.589524e-02 8.589524e-02 8.589524e-02 8.589524e-02 8.589524e-02 8.589524e-02 8.589524e-02 8.589524e-02 8.589524e-02 8.589524e-02 8.589524e-02 8.589524e-02 8.589524e-02 8.589524e-02 8.589524e-02 8.589524e-02 8.589524e-02 8.589524e-02 8.589524e-02 8.589524e-02 8.589524e-02 8.589524e-02 8.589524e-02 8.589524e-02 8.589524e-02 8.589524e-02 8.589524e-02 8.589524e-02
 9.816598e-02 9.816598e-02 9.816598e-02 9.816598e-02 9.816598e-02 9.816598e-02 9.816598e-02 9.816598e-02 9.816598e-02 9.816598e-02 9.816598e-02 9.816598e-02 9.816598e-02 9.816598e-02 9.816598e-02 9.816598e-02 9.816598e-02 9.816598e-02 9.816598e-02 9.816598e-02 9.816598e-02 9.816598e-02 9.816598e-02 9.816598e-02 9.816598e-02 9.816598e-02 9.816598e-02 9.816598e-02 9.816598e-02 9.816598e-02 9.816598e-02
 1.104367e-01 1.104367e-01 1.104367e-01 1.104367e-01 1.104367e-01 1.104367e-01 1.104367e-01 1.104367e-01 1.104367e-01 1.104367e-01 1.104367e-01 1.104367e-01 1.104367e-01 1.104367e-01 1.104367e-01 1.104367e-01 1.104367e-01 1.104367e-01 1.104367e-01 1.104367e-01 1.104367e-01 1.104367e-01 1.104367e-01 1.104367e-01 1.104367e-01 1.104367e-01 1.104367e-01 1.104367e-01 1.104367e-01 1.104367e-01 1.104367e-01
 1.227075e-01 1.227075e-01 1.227075e-01 1.227075e-01 1.227075e-01 1.227075e-01 1.227075e-01 1.227075e-01 1.227075e-01 1.227075e-01 1.227075e-01 1.227075e-01 1.227075e-01 1.227075e-01 1.227075e-01 1.227075e-01 1.227075e-01 1.227075e-01 1.227075e-01 1.227075e-01 1.227075e-01 1.227075e-01 1.227075e-01 1.227075e-01 1.227075e-01 1.227075e-01 1.227075e-01 1.227075e-01 1.227075e-01 1.227075e-01 1.227075e-01
 1.349782e-01 1.349782e-01 1.349782e-01 1.349782e-01 1.349782e-01 1.349782e-01 1.349782e-01 1.349782e-01 1.349782e-01 1.349782e-01 1.349782e-01 1.349782e-01 1.349782e-01 1.349782e-01 1.349782e-01 1.349782e-01 1.349782e-01 1.349782e-01 1.349782e-01 1.349782e-01 1.349782e-01 1.349782e-01 1.349782e-01 1.349782e-01 1.349782e-01 1.349782e-01 1.349782e-01 1.349782e-01 1.349782e-01 1.349782e-01 1.349782e-01
 1.472490e-01 1.472490e-01 1.472490e-01 1.472490e-01 1.472490e-01 1.472490e-01 1.472490e-01 1.472490e-01 1.472490e-01 1.472490e-01 1.472490e-01 1.472490e-01 1.472490e-01 1.472490e-01 1.472490e-01 1.472490e-01 1.472490e-01 1.472490e-01 1.472490e-01 1.472490e-01 1.472490e-01 1.472490e-01 1.472490e-01 1.472490e-01 1.472490e-01 1.472490e-01 1.472490e-01 1.472490e-01 1.472490e-01 1.472490e-01 1.472490e-01
 1.595197e-01 1.595197e-01 1.595197e-01 1.595197e-01 1.595197e-01 1.595197e-01 1.595197e-01 1.595197e-01 1.595197e-01 1.595197e-01 1.595197e-01 1.595197e-01 1.595197e-01 1.595197e-01 1.595197e-01 1.595197e-01 1.595197e-01 1.595197e-01 1.595197e-01 1.595197e-01 1.595197e-01 1.595197e-01 1.595197e-01 1.595197e-01 1.595197e-01 1.595197e-01 1.595197e-01 1.595197e-01 1.595197e-01 1.595197e-01 1.595197e-01
 1.717905e-01 1.717905e-01 1.717905e-01 1.717905e-01 1.717905e-01 1.717905e-01 1.717905e-01 1.717905e-01 1.717905e-01 1.717905e-01 1.717905e-01 1.717905e-01 1.717905e-01 1.717905e-01 1.717905e-01 1.717905e-01 1.717905e-01 1.717905e-01 1.717905e-01 1.717905e-01 1.717905e-01 1.717905e-01 1.717905e-01 1.717905e-01 1.717905e-01 1.717905e-01 1.717905e-01 1.717905e-01 1.717905e-01 1.717905e-01 1.717905e-01
 1.840612e-01 1.840612e-01 1.840612e-01 1.840612e-01 1.840612e-01 1.840612e-01 1.840612e-01 1.840612e-01 1.840612e-01 1.840612e-01 1.840612e-01 1.840612e-01 1.840612e-01 1.840612e-01 1.840612e-01 1.840612e-01 1.840612e-01 1.840612e-01 1.840612e-01 1.840612e-01 1.840612e-01 1.840612e-01 1.840612e-01 1.840612e-01 1.840612e-01 1.840612e-01 1.840612e-01 1.840612e-01 1.840612e-01 1.840612e-01 1.840612e-01
 u  31 31 
 1.495009e-01 5.438601e-02 2.475464e-02 1.444558e-02 9.088293e-03 5.457453e-03 2.519539e-03 -1.414381e-04 -2.714131e-03 -5.278868e-03 -7.842709e-03 -1.033890e-02 -1.260691e-02 -1.437067e-02 -1.525968e-02 -1.494286e-02 -1.336205e-02 -1.084418e-02 -7.916705e-03 -5.025189e-03 -2.413565e-03 -1.576520e-04 1.765632e-03 3.433097e-03 4.964332e-03 6.551258e-03 8.573566e-03 1.202067e-02 2.051216e-02 5.490907e-02 1.495009e-01
 1.466935e-01 1.179670e-02 -4.005833e-02 -5.565296e-02 -6.380002e-02 -6.773169e-02 -6.822962e-02 -6.570938e-02 -6.046588e-02 -5.272324e-02 -4.269418e-02 -3.070800e-02 -1.748586e-02 -4.627434e-03 5.035133e-03 8.465272e-03 4.949709e-03 -3.325664e-03 -1.346105e-02 -2.338724e-02 -3.192955e-02 -3.844785e-02 -4.256651e-02 -4.403190e-02 -4.264381e-02 -3.821173e-02 -3.046604e-02 -1.872317e-02 -4.138589e-04 3.782253e-02 1.466935e-01
 1.423213e-01 5.406293e-02 2.955014e-02 1.006466e-02 -8.587054e-03 -2.539864e-02 -3.895060e-02 -4.811962e-02 -5.221418e-02 -5.084963e-02 -4.376518e-02 -3.077345e-02 -1.212689e-02 1.003277e-02 2.881882e-02 3.399061e-02 2.375016e-02 6.349645e-03 -1.088289e-02 -2.464754e-02 -3.389449e-02 -3.847717e-02 -3.858992e-02 -3.458423e-02 -2.693847e-02 -1.626125e-02 -3.237937e-03 1.158772e-02 2.854624e-02 5.294759e-02 1.423213e-01
 1.361526e-01 6.879164e-02 5.063644e-02 3.263883e-02 1.404061e-02 -3.888278e-03 -1.958707e-02 -3.162234e-02 -3.886047e-02 -4.041179e-02 -3.542674e-02 -2.290167e-02 -1.829114e-03 2.710614e-02 5.529193e-02 6.258335e-02 4.420081e-02 1.783816e-02 -4.803600e-03 -2.076400e-02 -3.013083e-02 -3.365854e-02 -3.213820e-02 -2.631511e-02 -1.695195e-02 -4.888065e-03 8.978935e-03 2.384222e-02 3.942429e-02 5.825846e-02 1.361526e-01
 1.278759e-01 6.897113e-02 5.290367e-02 3.563084e-02 1.763268e-02 2.817445e-04 -1.490062e-02 -2.651303e-02 -3.338427e-02 -3.448593e-02 -2.869123e-02 -1.448952e-02 1.005215e-02 4.570700e-02 8.368281e-02 9.431918e-02 6.732663e-02 3.142869e-02 2.943722e-03 -1.604745e-02 -2.691536e-02 -3.120253e-02 -3.010790e-02 -2.457324e-02 -1.545086e-02 -3.622481e-03 9.977403e-03 2.446064e-02 3.929419e-02 5.581414e-02 1.278759e-01
 1.171232e-01 6.116526e-02 4.599844e-02 2.930140e-02 1.217181e-02 -3.966390e-03 -1.766469e-02 -2.761386e-02 -3.267488e-02 -3.173779e-02 -2.344551e-02 -5.874729e-03 2.352670e-02 6.623032e-02 1.130280e-01 1.278496e-01 9.374096e-02 4.796431e-02 1.252369e-02 -1.076108e-02 -2.437443e-02 -3.059874e-02 -3.102681e-02 -2.678546e-02 -1.879319e-02 -7.936020e-03 4.863389e-03 1.869773e-02 3.290691e-02 4.821354e-02 1.171232e-01
 1.035315e-01 4.827956e-02 3.383950e-02 1.801173e-02 2.215051e-03 -1.214007e-02 -2.370743e-02 -3.127315e-02 -3.370784e-02 -2.977646e-02 -1.784834e-02 4.377284e-03 3.971681e-02 8.918956e-02 1.419921e-01 1.604970e-01 1.231457e-01 6.850847e-02 2.504712e-02 -3.867912e-03 -2.134241e-02 -3.037939e-02 -3.303918e-02 -3.070077e-02 -2.438913e-02 -1.500692e-02 -3.452759e-03 9.381292e-03 2.277936e-02 3.711493e-02 1.035315e-01
 8.688421e-02 3.221951e-02 1.880992e-02 4.386900e-03 -9.508097e-03 -2.153180e-02 -3.044117e-02 -3.507619e-02 -3.424793e-02 -2.652120e-02 -9.957858e-03 1.797901e-02 5.974117e-02 1.144722e-01 1.690138e-01 1.893633e-01 1.538903e-01 9.376086e-02 4.198983e-02 6.140527e-03 -1.637429e-02 -2.909453e-02 -3.461743e-02 -3.467256e-02 -3.046789e-02 -2.296964e-02 -1.306986e-02 -1.634522e-03 1.060773e-02 2.382294e-02 8.688421e-02
 6.736712e-02 1.461168e-02 2.768944e-03 -9.634408e-03 -2.106584e-02 -3.026214e-02 -3.604045e-02 -3.721618e-02 -3.245304e-02 -2.006051e-02 2.133347e-03 3.649023e-02 8.409692e-02 1.410612e-01 1.927555e-01 2.127000e-01 1.832730e-01 1.233364e-01 6.473971e-02 2.104881e-02 -7.807638e-03 -2.526767e-02 -3.440573e-02 -3.738801e-02 -3.570296e-02 -3.045654e-02 -2.258206e-02 -1.293698e-02 -2.247141e-03 9.527340e-03 6.736712e-02
 4.589438e-02 -3.106651e-03 -1.276722e-02 -2.255347e-02 -3.099836e-02 -3.688030e-02 -3.899613e-02 -3.604299e-02 -2.647242e-02 -8.386147e-03 2.029783e-02 6.096399e-02 1.122488e-01 1.672940e-01 2.125023e-01 2.303271e-01 2.087346e-01 1.553167e-01 9.398962e-02 4.278751e-02 6.390776e-03 -1.713784e-02 -3.093577e-02 -3.758761e-02 -3.894982e-02 -3.636398e-02 -3.088082e-02 -2.339698e-02 -1.464996e-02 -4.684427e-03 4.589438e-02
 2.427587e-02 -1.981255e-02 -2.664253e-02 -3.320769e-02 -3.808729e-02 -4.002047e-02 -3.768796e-02 -2.960215e-02 -1.404677e-02 1.078419e-02 4.615888e-02 9.145692e-02 1.425530e-01 1.914743e-01 2.282119e-01 2.430609e-01 2.289391e-01 1.866154e-01 1.289339e-01 7.302253e-02 2.875181e-02 -2.294202e-03 -2.221983e-02 -3.369841e-02 -3.894571e-02 -3.962554e-02 -3.700258e-02 -3.208982e-02 -2.568178e-02 -1.789692e-02 2.427587e-02
 4.882047e-03 -3.485997e-02 -3.804539e-02 -4.057414e-02 -4.098759e-02 -3.788538e-02 -2.977194e-02 -1.504338e-02 7.845289e-03 3.986045e-02 8.043889e-02 1.265243e-01 1.726243e-01 2.123741e-01 2.402733e-01 2.519864e-01 2.438550e-01 2.141146e-01 1.666335e-01 1.120970e-01 6.205933e-02 2.272163e-02 -5.123237e-03 -2.321800e-02 -3.379975e-02 -3.883077e-02 -3.987280e-02 -3.815464e-02 -3.460522e-02 -2.943233e-02 4.882047e-03
 -1.024662e-02 -4.833032e-02 -4.640995e-02 -4.332980e-02 -3.746946e-02 -2.724736e-02 -1.114055e-02 1.208284e-02 4.288674e-02 8.033580e-02 1.217177e-01 1.629719e-01 1.999103e-01 2.293340e-01 2.492139e-01 2.580486e-01 2.541489e-01 2.356908e-01 2.022283e-01 1.571033e-01 1.077776e-01 6.229467e-02 2.548378e-02 -1.563518e-03 -1.992628e-02 -3.139351e-02 -3.773591e-02 -4.046448e-02 -4.074077e-02 -3.889829e-02 -1.024662e-02
 -2.040337e-02 -6.195082e-02 -5.124434e-02 -3.865933e-02 -2.244958e-02 -1.280454e-03 2.547205e-02 5.739013e-02 9.288994e-02 1.295170e-01 1.646026e-01 1.959209e-01 2.219977e-01 2.420152e-01 2.554923e-01 2.619361e-01 2.605901e-01 2.503824e-01 2.302412e-01 1.999364e-01 1.612118e-01 1.182014e-01 7.619674e-02 3.951869e-02 1.028174e-02 -1.140350e-02 -2.658441e-02 -3.671623e-02 -4.315374e-02 -4.633943e-02 -2.040337e-02
 -2.680014e-02 -8.089671e-02 -5.012295e-02 -1.777780e-02 1.589006e-02 5.012062e-02 8.385908e-02 1.161115e-01 1.461419e-01 1.734744e-01 1.977951e-01 2.188454e-01 2.363505e-01 2.499859e-01 2.593740e-01 2.640977e-01 2.637260e-01 2.578482e-01 2.461209e-01 2.283379e-01 2.045435e-01 1.752022e-01 1.414026e-01 1.049840e-01 6.839622e-02 3.418770e-02 4.318920e-03 -2.027100e-02 -3.951501e-02 -5.290834e-02 -2.680014e-02
 -3.193439e-02 -5.910300e-02 -2.248024e-02 1.481445e-02 5.004757e-02 8.225594e-02 1.114492e-01 1.380215e-01 1.623914e-01 1.848261e-01 2.053637e-01 2.237854e-01 2.396228e-01 2.522140e-01 2.608194e-01 2.647910e-01 2.637488e-01 2.576933e-01 2.469965e-01 2.322762e-01 2.142132e-01 1.933828e-01 1.701454e-01 1.446054e-01 1.166347e-01 8.597510e-02 5.246748e-02 1.648892e-02 -2.035036e-02 -5.372328e-02 -3.193439e-02
 -3.673601e-02 -3.165329e-02 -1.286365e-02 7.068469e-03 2.833196e-02 5.098030e-02 7.493673e-02 1.000160e-01 1.259498e-01 1.523748e-01 1.787519e-01 2.042176e-01 2.274218e-01 2.464889e-01 2.592935e-01 2.641217e-01 2.604162e-01 2.490434e-01 2.318451e-01 2.108652e-01 1.877770e-01 1.636959e-01 1.392538e-01 1.147605e-01 9.034756e-02 6.605328e-02 4.184669e-02 1.761586e-02 -6.808095e-03 -3.125468e-02 -3.673601e-02
 -3.819436e-02 -2.460371e-02 -1.433860e-02 -3.519449e-03 8.372479e-03 2.186540e-02 3.747773e-02 5.570077e-02 7.699358e-02 1.017651e-01 1.302766e-01 1.623291e-01 1.965313e-01 2.291233e-01 2.533742e-01 2.620621e-01 2.529434e-01 2.305988e-01 2.019969e-01 1.722393e-01 1.438585e-01 1.177622e-01 9.411766e-02 7.281999e-02 5.366920e-02 3.640237e-02 2.067180e-02 6.020935e-03 -8.109948e-03 -2.226777e-02 -3.819436e-02
 -3.123896e-02 -1.741301e-02 -1.199738e-02 -6.531318e-03 -5.933939e-04 6.351191e-03 1.490902e-02 2.576482e-02 3.971870e-02 5.775641e-02 8.114418e-02 1.114649e-01 1.501927e-01 1.963850e-01 2.400602e-01 2.584386e-01 2.398445e-01 2.014642e-01 1.618540e-01 1.276597e-01 9.950127e-02 7.651060e-02 5.773433e-02 4.238158e-02 2.978901e-02 1.934994e-02 1.046300e-02 2.505444e-03 -5.174684e-03 -1.326350e-02 -3.123896e-02
 -1.169301e-02 -6.617271e-03 -4.362409e-03 -2.504938e-03 -7.165081e-04 1.488053e-03 4.676224e-03 9.503474e-03 1.676071e-02 2.747559e-02 4.310637e-02 6.590829e-02 9.954684e-02 1.492489e-01 2.141952e-01 2.528603e-01 2.188324e-01 1.627905e-01 1.183083e-01 8.627444e-02 6.308422e-02 4.612613e-02 3.374011e-02 2.479449e-02 1.842459e-02 1.389489e-02 1.052749e-02 7.666039e-03 4.655465e-03 7.742944e-04 -1.169301e-02
 2.084514e-02 7.741720e-03 7.907978e-03 7.239118e-03 5.997163e-03 4.631856e-03 3.678320e-03 3.744265e-03 5.537235e-03 9.945324e-03 1.821241e-02 3.232436e-02 5.595648e-02 9.694695e-02 1.705058e-01 2.444495e-01 1.871749e-01 1.190063e-01 7.829238e-02 5.327350e-02 3.730696e-02 2.722735e-02 2.128351e-02 1.832182e-02 1.745870e-02 1.793606e-02 1.905552e-02 2.015334e-02 2.058904e-02 1.965851e-02 2.084514e-02
 5.925838e-02 2.459730e-02 2.356438e-02 2.127152e-02 1.791322e-02 1.389644e-02 9.732776e-03 6.009630e-03 3.385520e-03 2.625191e-03 4.708814e-03 1.110024e-02 2.446893e-02 5.113629e-02 1.115678e-01 2.305809e-01 1.432314e-01 7.662692e-02 4.639679e-02 3.048420e-02 2.219124e-02 1.879490e-02 1.879532e-02 2.114516e-02 2.498346e-02 2.953600e-02 3.408843e-02 3.799223e-02 4.066882e-02 4.152973e-02 5.925838e-02
 9.264431e-02 4.245660e-02 4.100412e-02 3.792216e-02 3.332859e-02 2.755225e-02 2.105098e-02 1.438749e-02 8.204078e-03 3.209270e-03 2.067492e-04 2.192594e-04 4.860652e-03 1.769331e-02 5.205508e-02 1.988156e-01 8.912658e-02 4.113375e-02 2.432839e-02 1.769962e-02 1.666711e-02 1.935636e-02 2.458727e-02 3.140376e-02 3.894399e-02 4.642406e-02 5.316292e-02 5.860726e-02 6.232928e-02 6.397482e-02 9.264431e-02
 1.161149e-01 5.982789e-02 5.856267e-02 5.539295e-02 5.037240e-02 4.372097e-02 3.579012e-02 2.706661e-02 1.815503e-02 9.739028e-03 2.539893e-03 -2.695763e-03 -5.133393e-03 -3.543195e-03 5.785718e-03 8.343714e-02 3.184198e-02 1.501559e-02 1.174458e-02 1.371498e-02 1.919854e-02 2.716369e-02 3.667904e-02 4.684007e-02 5.680880e-02 6.587745e-02 7.351080e-02 7.934856e-02 8.317639e-02 8.494651e-02 1.161149e-01
 1.311015e-01 7.552904e-02 7.483106e-02 7.205240e-02 6.722185e-02 6.045293e-02 5.195840e-02 4.208721e-02 3.133771e-02 2.033047e-02 9.734055e-03 1.486275e-04 -8.070768e-03 -1.522915e-02 -2.417813e-02 -7.217643e-02 -1.959113e-02 -1.904275e-03 7.203398e-03 1.680257e-02 2.786407e-02 4.004519e-02 5.261005e-02 6.475506e-02 7.578676e-02 8.520643e-02 9.271724e-02 9.818488e-02 1.015986e-01 1.032359e-01 1.311015e-01
 1.404178e-01 8.874926e-02 8.877452e-02 8.662180e-02 8.233714e-02 7.596031e-02 6.757499e-02 5.736554e-02 4.565948e-02 3.293446e-02 1.975773e-02 6.625145e-03 -6.366011e-03 -2.032532e-02 -4.092356e-02 -1.068933e-01 -5.684092e-02 -1.129274e-02 8.636379e-03 2.475802e-02 4.024579e-02 5.534397e-02 6.957864e-02 8.239257e-02 9.337509e-02 1.023107e-01 1.091427e-01 1.139187e-01 1.167800e-01 1.183483e-01 1.404178e-01
 1.461170e-01 9.885546e-02 9.954723e-02 9.804376e-02 9.441072e-02 8.865156e-02 8.075829e-02 7.076985e-02 5.882503e-02 4.519777e-02 3.027555e-02 1.441918e-02 -2.396001e-03 -2.145336e-02 -4.810747e-02 -9.970825e-02 -7.305189e-02 -1.545993e-02 1.336513e-02 3.474691e-02 5.335461e-02 7.003826e-02 8.473785e-02 9.727519e-02 1.075732e-01 1.156728e-01 1.216910e-01 1.257888e-01 1.282201e-01 1.300357e-01 1.461170e-01
 1.493939e-01 1.049397e-01 1.059141e-01 1.048741e-01 1.017804e-01 9.661013e-02 8.930108e-02 7.979143e-02 6.806382e-02 5.418883e-02 3.833912e-02 2.071483e-02 1.286705e-03 -2.078758e-02 -4.817119e-02 -8.125516e-02 -6.821227e-02 -1.682778e-02 1.782969e-02 4.298605e-02 6.341548e-02 8.058550e-02 9.495863e-02 1.067635e-01 1.162062e-01 1.235014e-01 1.288642e-01 1.325228e-01 1.348499e-01 1.375743e-01 1.493939e-01
 1.508825e-01 1.048154e-01 1.047195e-01 1.035476e-01 1.006148e-01 9.578737e-02 8.895759e-02 8.001044e-02 6.884035e-02 5.538460e-02 3.965920e-02 2.177152e-02 1.883702e-03 -1.980106e-02 -4.236917e-02 -5.962376e-02 -5.161727e-02 -1.699672e-02 1.714863e-02 4.373656e-02 6.459576e-02 8.134946e-02 9.491074e-02 1.058359e-01 1.145152e-01 1.212518e-01 1.263065e-01 1.299699e-01 1.328328e-01 1.380201e-01 1.508825e-01
 1.508850e-01 9.249049e-02 8.629936e-02 8.308689e-02 7.944002e-02 7.465947e-02 6.847712e-02 6.072987e-02 5.129201e-02 4.007809e-02 2.709048e-02 1.252038e-02 -3.074003e-03 -1.846589e-02 -3.126312e-02 -3.739351e-02 -3.221552e-02 -1.545180e-02 6.587743e-03 2.758763e-02 4.521528e-02 5.947917e-02 7.097406e-02 8.026428e-02 8.777818e-02 9.384221e-02 9.875724e-02 1.029594e-01 1.076412e-01 1.197954e-01 1.508850e-01
 1.495009e-01 5.438601e-02 2.475464e-02 1.444558e-02 9.088293e-03 5.457453e-03 2.519539e-03 -1.414381e-04 -2.714131e-03 -5.278868e-03 -7.842709e-03 -1.033890e-02 -1.260691e-02 -1.437067e-02 -1.525968e-02 -1.494286e-02 -1.336205e-02 -1.084418e-02 -7.916705e-03 -5.025189e-03 -2.413565e-03 -1.576520e-04 1.765632e-03 3.433097e-03 4.964332e-03 6.551258e-03 8.573566e-03 1.202067e-02 2.051216e-02 5.490907e-02 1.495009e-01
 v  31 31 
 -9.936659e-02 -6.759568e-02 -4.760050e-02 -3.776865e-02 -3.204613e-02 -2.824405e-02 -2.544210e-02 -2.317101e-02 -2.114013e-02 -1.913094e-02 -1.695088e-02 -1.441740e-02 -1.137021e-02 -7.724972e-03 -3.577370e-03 6.962082e-04 4.496726e-03 7.290241e-03 8.872494e-03 9.352399e-03 8.964595e-03 7.920537e-03 6.347073e-03 4.268944e-03 1.590487e-03 -1.960830e-03 -6.996547e-03 -1.494897e-02 -2.972401e-02 -6.330094e-02 -9.936659e-02
 -1.018699e-01 -8.927359e-02 -2.718084e-02 -2.183808e-03 1.079180e-02 1.927406e-02 2.563915e-02 3.075098e-02 3.486353e-02 3.788705e-02 3.944959e-02 3.887008e-02 3.513521e-02 2.713375e-02 1.462427e-02 -3.688087e-04 -1.412473e-02 -2.407399e-02 -2.992489e-02 -3.255477e-02 -3.298973e-02 -3.207223e-02 -3.044870e-02 -2.862950e-02 -2.704973e-02 -2.612887e-02 -2.636152e-02 -2.854396e-02 -3.455117e-02 -5.092751e-02 -1.018699e-01
 -1.037489e-01 -3.509056e-02 -5.331880e-03 7.524839e-03 1.712889e-02 2.593534e-02 3.456930e-02 4.313050e-02 5.149618e-02 5.933671e-02 6.595615e-02 6.993862e-02 6.855330e-02 5.732182e-02 3.242151e-02 -1.041322e-03 -2.918414e-02 -4.505999e-02 -5.075708e-02 -5.019229e-02 -4.626862e-02 -4.078880e-02 -3.483162e-02 -2.905810e-02 -2.390613e-02 -1.970764e-02 -1.677948e-02 -1.558509e-02 -1.731135e-02 -2.728357e-02 -1.037489e-01
 -1.052286e-01 -3.072158e-02 -1.231419e-02 -3.134068e-03 4.845970e-03 1.319803e-02 2.236238e-02 3.241565e-02 4.328251e-02 5.475062e-02 6.628593e-02 7.652007e-02 8.210895e-02 7.573974e-02 4.676337e-02 -1.362486e-03 -4.041999e-02 -5.741379e-02 -5.920854e-02 -5.364252e-02 -4.524093e-02 -3.622720e-02 -2.763075e-02 -1.993123e-02 -1.337947e-02 -8.142645e-03 -4.378903e-03 -2.349787e-03 -2.853573e-03 -1.002941e-02 -1.052286e-01
 -1.064854e-01 -3.727338e-02 -2.365678e-02 -1.615126e-02 -8.958697e-03 -8.626686e-04 8.506470e-03 1.924079e-02 3.133927e-02 4.473919e-02 5.915033e-02 7.350589e-02 8.456558e-02 8.389843e-02 5.582213e-02 -1.281048e-03 -4.763650e-02 -6.363006e-02 -6.112628e-02 -5.137915e-02 -3.982012e-02 -2.860941e-02 -1.850700e-02 -9.756901e-03 -2.449482e-03 3.350439e-03 7.560571e-03 1.001263e-02 1.011907e-02 4.548790e-03 -1.064854e-01
 -1.076152e-01 -4.661690e-02 -3.552311e-02 -2.874310e-02 -2.171723e-02 -1.346753e-02 -3.704556e-03 7.643898e-03 2.060467e-02 3.519561e-02 5.126494e-02 6.792061e-02 8.201838e-02 8.479929e-02 5.888706e-02 -7.205819e-04 -5.049077e-02 -6.544415e-02 -5.995438e-02 -4.750038e-02 -3.398308e-02 -2.141297e-02 -1.032804e-02 -8.120406e-04 7.136671e-03 1.349705e-02 1.820707e-02 2.112850e-02 2.178786e-02 1.741872e-02 -1.076152e-01
 -1.085697e-01 -5.601154e-02 -4.623497e-02 -3.952818e-02 -3.218377e-02 -2.342691e-02 -1.305680e-02 -1.037785e-03 1.265449e-02 2.805202e-02 4.500481e-02 6.255650e-02 7.738284e-02 8.069791e-02 5.647840e-02 3.210746e-04 -4.881273e-02 -6.386312e-02 -5.748687e-02 -4.389353e-02 -2.938472e-02 -1.600269e-02 -4.218253e-03 5.948768e-03 1.453719e-02 2.153616e-02 2.687585e-02 3.041334e-02 3.173075e-02 2.847016e-02 -1.085697e-01
 -1.090574e-01 -6.382533e-02 -5.456918e-02 -4.746156e-02 -3.945630e-02 -2.995751e-02 -1.884544e-02 -6.121681e-03 8.213132e-03 2.413629e-02 4.134920e-02 5.857601e-02 7.207305e-02 7.345935e-02 5.040847e-02 1.708106e-03 -4.324611e-02 -5.960594e-02 -5.463171e-02 -4.145518e-02 -2.680341e-02 -1.303703e-02 -7.554687e-04 9.983172e-03 1.920826e-02 2.689974e-02 3.296940e-02 3.725443e-02 3.935793e-02 3.722377e-02 -1.090574e-01
 -1.084380e-01 -6.885720e-02 -5.957531e-02 -5.175834e-02 -4.288983e-02 -3.252051e-02 -2.059448e-02 -7.151453e-03 7.748556e-03 2.393759e-02 4.080117e-02 5.653856e-02 6.701013e-02 6.504481e-02 4.316322e-02 3.220085e-03 -3.549739e-02 -5.358617e-02 -5.196121e-02 -4.070792e-02 -2.673125e-02 -1.296401e-02 -3.480838e-04 1.090269e-02 2.075518e-02 2.916194e-02 3.601326e-02 4.112407e-02 4.410191e-02 4.311787e-02 -1.084380e-01
 -1.056822e-01 -7.018859e-02 -6.052294e-02 -5.181665e-02 -4.196648e-02 -3.063408e-02 -1.781640e-02 -3.611148e-03 1.179556e-02 2.796175e-02 4.378576e-02 5.688121e-02 6.312735e-02 5.746119e-02 3.687720e-02 4.669843e-03 -2.772211e-02 -4.715142e-02 -5.008601e-02 -4.216261e-02 -2.971363e-02 -1.632545e-02 -3.496093e-03 8.258365e-03 1.876681e-02 2.792436e-02 3.559404e-02 4.157132e-02 4.546388e-02 4.561870e-02 -1.056822e-01
 -9.947402e-02 -6.698713e-02 -5.668233e-02 -4.693982e-02 -3.596426e-02 -2.350476e-02 -9.625971e-03 5.453290e-03 2.129583e-02 3.701014e-02 5.088798e-02 6.016948e-02 6.149096e-02 5.234438e-02 3.274597e-02 5.966673e-03 -2.158727e-02 -4.189284e-02 -4.983047e-02 -4.654212e-02 -3.663259e-02 -2.408354e-02 -1.112860e-02 1.216561e-03 1.251933e-02 2.255683e-02 3.114376e-02 3.805500e-02 4.289970e-02 4.416792e-02 -9.947402e-02
 -8.840035e-02 -5.798667e-02 -4.674417e-02 -3.569216e-02 -2.326457e-02 -9.312427e-03 5.953937e-03 2.204113e-02 3.804178e-02 5.242691e-02 6.297222e-02 6.715683e-02 6.313320e-02 5.064648e-02 3.111327e-02 7.104365e-03 -1.785218e-02 -3.915219e-02 -5.214345e-02 -5.480499e-02 -4.893214e-02 -3.806367e-02 -2.517300e-02 -1.204789e-02 3.866940e-04 1.165269e-02 2.145138e-02 2.951587e-02 3.545547e-02 3.788914e-02 -8.840035e-02
 -7.100563e-02 -4.005246e-02 -2.727418e-02 -1.424983e-02 3.575604e-04 1.646364e-02 3.346569e-02 5.026115e-02 6.518854e-02 7.614266e-02 8.105143e-02 7.861242e-02 6.878911e-02 5.266032e-02 3.185168e-02 8.125435e-03 -1.655697e-02 -3.962826e-02 -5.775097e-02 -6.774849e-02 -6.844378e-02 -6.139073e-02 -4.955544e-02 -3.566293e-02 -2.155751e-02 -8.321171e-03 3.424336e-03 1.327003e-02 2.079426e-02 2.475520e-02 -7.100563e-02
 -4.580424e-02 -2.884439e-03 1.284855e-02 2.926126e-02 4.711799e-02 6.555625e-02 8.298376e-02 9.737839e-02 1.067338e-01 1.096091e-01 1.055070e-01 9.486103e-02 7.869997e-02 5.825057e-02 3.468804e-02 9.096247e-03 -1.739237e-02 -4.333765e-02 -6.673240e-02 -8.500797e-02 -9.565101e-02 -9.736366e-02 -9.086861e-02 -7.851526e-02 -6.311185e-02 -4.701315e-02 -3.184167e-02 -1.861000e-02 -8.001822e-03 -1.112510e-03 -4.580424e-02
 -1.224219e-02 9.571763e-02 1.158080e-01 1.336670e-01 1.487252e-01 1.595588e-01 1.651408e-01 1.650957e-01 1.595750e-01 1.490153e-01 1.339484e-01 1.149115e-01 9.243253e-02 6.705529e-02 3.937896e-02 1.009829e-02 -1.995991e-02 -4.980604e-02 -7.826464e-02 -1.039669e-01 -1.253808e-01 -1.409251e-01 -1.492266e-01 -1.495343e-01 -1.421561e-01 -1.286187e-01 -1.113309e-01 -9.289136e-02 -7.546186e-02 -6.054085e-02 -1.224219e-02
 2.652764e-02 1.923603e-01 2.120532e-01 2.224190e-01 2.256603e-01 2.234641e-01 2.170766e-01 2.072083e-01 1.941373e-01 1.778615e-01 1.582387e-01 1.351164e-01 1.084620e-01 7.849072e-02 4.576667e-02 1.123124e-02 -2.388014e-02 -5.822716e-02 -9.059440e-02 -1.200698e-01 -1.461109e-01 -1.684981e-01 -1.872150e-01 -2.022970e-01 -2.136721e-01 -2.209995e-01 -2.235286e-01 -2.200666e-01 -2.092177e-01 -1.893779e-01 2.652764e-02
 6.245800e-02 1.325679e-01 1.461498e-01 1.586489e-01 1.695925e-01 1.783991e-01 1.844203e-01 1.869810e-01 1.853967e-01 1.789609e-01 1.669327e-01 1.485874e-01 1.234046e-01 9.143497e-02 5.374530e-02 1.262519e-02 -2.879498e-02 -6.744899e-02 -1.011818e-01 -1.290294e-01 -1.509666e-01 -1.674756e-01 -1.792030e-01 -1.867756e-01 -1.907395e-01 -1.915658e-01 -1.896685e-01 -1.853935e-01 -1.789314e-01 -1.699004e-01 6.245800e-02
 8.779052e-02 9.493831e-02 1.045255e-01 1.145375e-01 1.244456e-01 1.339607e-01 1.427260e-01 1.502387e-01 1.557940e-01 1.584081e-01 1.566915e-01 1.486869e-01 1.318296e-01 1.035273e-01 6.310463e-02 1.446482e-02 -3.429662e-02 -7.582006e-02 -1.071573e-01 -1.289007e-01 -1.429029e-01 -1.509814e-01 -1.545656e-01 -1.547240e-01 -1.522682e-01 -1.478331e-01 -1.419126e-01 -1.348553e-01 -1.267915e-01 -1.170883e-01 8.779052e-02
 9.931834e-02 6.879122e-02 7.666048e-02 8.516758e-02 9.371122e-02 1.021211e-01 1.102779e-01 1.180197e-01 1.250720e-01 1.309570e-01 1.348295e-01 1.351316e-01 1.288781e-01 1.105931e-01 7.310942e-02 1.703678e-02 -3.978021e-02 -8.112129e-02 -1.062903e-01 -1.203140e-01 -1.272678e-01 -1.296239e-01 -1.288458e-01 -1.258437e-01 -1.212126e-01 -1.153493e-01 -1.085092e-01 -1.008296e-01 -9.227866e-02 -8.207977e-02 9.931834e-02
 9.559096e-02 4.686710e-02 5.397433e-02 6.171484e-02 6.943514e-02 7.695098e-02 8.419251e-02 9.113386e-02 9.774288e-02 1.039184e-01 1.093893e-01 1.134958e-01 1.145783e-01 1.080578e-01 8.161686e-02 2.083202e-02 -4.420129e-02 -8.099358e-02 -9.802281e-02 -1.053833e-01 -1.076860e-01 -1.069818e-01 -1.042803e-01 -1.001218e-01 -9.480474e-02 -8.849580e-02 -8.129255e-02 -7.325137e-02 -6.433500e-02 -5.386194e-02 9.559096e-02
 7.516655e-02 2.707233e-02 3.375524e-02 4.102359e-02 4.824436e-02 5.518797e-02 6.174643e-02 6.789859e-02 7.368853e-02 7.919013e-02 8.444966e-02 8.938266e-02 9.351070e-02 9.490250e-02 8.425908e-02 2.679672e-02 -4.578575e-02 -7.399029e-02 -8.356766e-02 -8.647930e-02 -8.625676e-02 -8.417468e-02 -8.075769e-02 -7.622247e-02 -7.065580e-02 -6.410886e-02 -5.664865e-02 -4.836749e-02 -3.931608e-02 -2.903184e-02 7.516655e-02
 4.149897e-02 9.201682e-03 1.549883e-02 2.228881e-02 2.905365e-02 3.554427e-02 4.159808e-02 4.713981e-02 5.219174e-02 5.686766e-02 6.134475e-02 6.581118e-02 7.037743e-02 7.483177e-02 7.649897e-02 3.702236e-02 -4.199561e-02 -6.039081e-02 -6.495300e-02 -6.551718e-02 -6.421861e-02 -6.169495e-02 -5.811952e-02 -5.351010e-02 -4.786785e-02 -4.124611e-02 -3.377091e-02 -2.561799e-02 -1.693529e-02 -7.508713e-03 4.149897e-02
 5.071949e-03 -6.287515e-03 -4.336646e-04 5.733452e-03 1.189779e-02 1.784164e-02 2.337740e-02 2.837365e-02 3.279057e-02 3.670360e-02 4.030468e-02 4.387915e-02 4.777183e-02 5.242924e-02 5.896804e-02 5.630730e-02 -3.032382e-02 -4.176521e-02 -4.401217e-02 -4.380186e-02 -4.235722e-02 -3.993650e-02 -3.652908e-02 -3.209146e-02 -2.664856e-02 -2.032252e-02 -1.331315e-02 -5.849875e-03 1.870154e-03 9.819103e-03 5.071949e-03
 -2.549438e-02 -1.892127e-02 -1.352451e-02 -8.110997e-03 -2.735142e-03 2.459769e-03 7.305560e-03 1.164875e-02 1.539581e-02 1.855671e-02 2.127408e-02 2.383042e-02 2.664535e-02 3.037725e-02 3.712452e-02 8.009046e-02 -9.891925e-03 -1.985031e-02 -2.200709e-02 -2.218820e-02 -2.128877e-02 -1.942657e-02 -1.656114e-02 -1.269109e-02 -7.913077e-03 -2.410635e-03 3.589171e-03 9.859891e-03 1.619218e-02 2.228590e-02 -2.549438e-02
 -4.826602e-02 -2.852982e-02 -2.350126e-02 -1.887277e-02 -1.439946e-02 -1.013210e-02 -6.191118e-03 -2.714581e-03 1.845699e-04 2.466333e-03 4.210304e-03 5.653657e-03 7.233119e-03 9.748655e-03 1.561847e-02 5.503821e-02 1.724087e-02 4.012942e-03 2.450664e-04 -1.310105e-03 -1.630887e-03 -8.729961e-04 9.340472e-04 3.712583e-03 7.309031e-03 1.152162e-02 1.613820e-02 2.095467e-02 2.573450e-02 2.981114e-02 -4.826602e-02
 -6.465331e-02 -3.530874e-02 -3.046244e-02 -2.654944e-02 -2.298543e-02 -1.972811e-02 -1.684682e-02 -1.444767e-02 -1.263337e-02 -1.145909e-02 -1.087868e-02 -1.067917e-02 -1.037573e-02 -8.913997e-03 -3.142254e-03 2.926764e-02 4.493548e-02 2.857395e-02 2.207908e-02 1.827495e-02 1.601213e-02 1.503219e-02 1.521460e-02 1.641565e-02 1.845091e-02 2.111745e-02 2.421359e-02 2.753021e-02 3.075069e-02 3.268500e-02 -6.465331e-02
 -7.645871e-02 -3.975922e-02 -3.483067e-02 -3.150468e-02 -2.878573e-02 -2.653633e-02 -2.478286e-02 -2.360183e-02 -2.307263e-02 -2.323112e-02 -2.400584e-02 -2.512015e-02 -2.590849e-02 -2.483453e-02 -1.750837e-02 1.625352e-02 6.255264e-02 5.167026e-02 4.261856e-02 3.603526e-02 3.121889e-02 2.793910e-02 2.603927e-02 2.533467e-02 2.561100e-02 2.664435e-02 2.820884e-02 3.004448e-02 3.168360e-02 3.115963e-02 -7.645871e-02
 -8.504717e-02 -4.267500e-02 -3.729709e-02 -3.440083e-02 -3.244081e-02 -3.116129e-02 -3.054481e-02 -3.063751e-02 -3.148089e-02 -3.304811e-02 -3.515426e-02 -3.731339e-02 -3.847884e-02 -3.642983e-02 -2.572402e-02 9.114114e-03 6.208012e-02 6.824895e-02 5.990956e-02 5.115790e-02 4.373261e-02 3.792810e-02 3.371995e-02 3.093913e-02 2.934820e-02 2.868452e-02 2.866677e-02 2.893711e-02 2.877635e-02 2.496906e-02 -8.504717e-02
 -9.134258e-02 -4.536392e-02 -3.890325e-02 -3.619366e-02 -3.486303e-02 -3.446111e-02 -3.488892e-02 -3.612538e-02 -3.812068e-02 -4.070306e-02 -4.345753e-02 -4.555431e-02 -4.549038e-02 -4.061772e-02 -2.616677e-02 4.909507e-03 4.691187e-02 6.824257e-02 6.795794e-02 6.056961e-02 5.214341e-02 4.456506e-02 3.837484e-02 3.361556e-02 3.012220e-02 2.763448e-02 2.581648e-02 2.416188e-02 2.150815e-02 1.233008e-02 -9.134258e-02
 -9.596875e-02 -5.061600e-02 -4.137074e-02 -3.798583e-02 -3.665739e-02 -3.650638e-02 -3.721843e-02 -3.859854e-02 -4.041269e-02 -4.228232e-02 -4.358162e-02 -4.333856e-02 -4.017587e-02 -3.237754e-02 -1.829487e-02 2.331591e-03 2.573522e-02 4.396527e-02 5.206045e-02 5.191702e-02 4.755381e-02 4.174965e-02 3.589827e-02 3.057282e-02 2.591461e-02 2.181355e-02 1.793382e-02 1.352484e-02 6.458907e-03 -1.385457e-02 -9.596875e-02
 -9.936659e-02 -6.759568e-02 -4.760050e-02 -3.776865e-02 -3.204613e-02 -2.824405e-02 -2.544210e-02 -2.317101e-02 -2.114013e-02 -1.913094e-02 -1.695088e-02 -1.441740e-02 -1.137021e-02 -7.724972e-03 -3.577370e-03 6.962082e-04 4.496726e-03 7.290241e-03 8.872494e-03 9.352399e-03 8.964595e-03 7.920537e-03 6.347073e-03 4.268944e-03 1.590487e-03 -1.960830e-03 -6.996547e-03 -1.494897e-02 -2.972401e-02 -6.330094e-02 -9.936659e-02
