 x  31 31 
 -1.950969e-01 -1.820904e-01 -1.690839e-01 -1.560775e-01 -1.430710e-01 -1.300646e-01 -1.170581e-01 -1.040517e-01 -9.104520e-02 -7.803874e-02 -6.503229e-02 -5.202583e-02 -3.901937e-02 -2.601291e-02 -1.300646e-02 0.000000e+00 1.300646e-02 2.601291e-02 3.901937e-02 5.202583e-02 6.503229e-02 7.803874e-02 9.104520e-02 1.040517e-01 1.170581e-01 1.300646e-01 1.430710e-01 1.560775e-01 1.690839e-01 1.820904e-01 1.950969e-01
 -1.950969e-01 -1.820904e-01 -1.690839e-01 -1.560775e-01 -1.430710e-01 -1.300646e-01 -1.170581e-01 -1.040517e-01 -9.104520e-02 -7.803874e-02 -6.503229e-02 -5.202583e-02 -3.901937e-02 -2.601291e-02 -1.300646e-02 0.000000e+00 1.300646e-02 2.601291e-02 3.901937e-02 5.202583e-02 6.503229e-02 7.803874e-02 9.104520e-02 1.040517e-01 1.170581e-01 1.300646e-01 1.430710e-01 1.560775e-01 1.690839e-01 1.820904e-01 1.950969e-01
 -1.950969e-01 -1.820904e-01 -1.690839e-01 -1.560775e-01 -1.430710e-01 -1.300646e-01 -1.170581e-01 -1.040517e-01 -9.104520e-02 -7.803874e-02 -6.503229e-02 -5.202583e-02 -3.901937e-02 -2.601291e-02 -1.300646e-02 0.000000e+00 1.300646e-02 2.601291e-02 3.901937e-02 5.202583e-02 6.503229e-02 7.803874e-02 9.104520e-02 1.040517e-01 1.170581e-01 1.300646e-01 1.430710e-01 1.560775e-01 1.690839e-01 1.820904e-01 1.950969e-01
 -1.950969e-01 -1.820904e-01 -1.690839e-01 -1.560775e-01 -1.430710e-01 -1.300646e-01 -1.170581e-01 -1.040517e-01 -9.104520e-02 -7.803874e-02 -6.503229e-02 -5.202583e-02 -3.901937e-02 -2.601291e-02 -1.300646e-02 0.000000e+00 1.300646e-02 2.601291e-02 3.901937e-02 5.202583e-02 6.503229e-02 7.803874e-02 9.104520e-02 1.040517e-01 1.170581e-01 1.300646e-01 1.430710e-01 1.560775e-01 1.690839e-01 1.820904e-01 1.950969e-01
 -1.950969e-01 -1.820904e-01 -1.690839e-01 -1.560775e-01 -1.430710e-01 -1.300646e-01 -1.170581e-01 -1.040517e-01 -9.104520e-02 -7.803874e-02 -6.503229e-02 -5.202583e-02 -3.901937e-02 -2.601291e-02 -1.300646e-02 0.000000e+00 1.300646e-02 2.601291e-02 3.901937e-02 5.202583e-02 6.503229e-02 7.803874e-02 9.104520e-02 1.040517e-01 1.170581e-01 1.300646e-01 1.430710e-01 1.560775e-01 1.690839e-01 1.820904e-01 1.950969e-01
 -1.950969e-01 -1.820904e-01 -1.690839e-01 -1.560775e-01 -1.430710e-01 -1.300646e-01 -1.170581e-01 -1.040517e-01 -9.104520e-02 -7.803874e-02 -6.503229e-02 -5.202583e-02 -3.901937e-02 -2.601291e-02 -1.300646e-02 0.000000e+00 1.300646e-02 2.601291e-02 3.901937e-02 5.202583e-02 6.503229e-02 7.803874e-02 9.104520e-02 1.040517e-01 1.170581e-01 1.300646e-01 1.430710e-01 1.560775e-01 1.690839e-01 1.820904e-01 1.950969e-01
 -1.950969e-01 -1.820904e-01 -1.690839e-01 -1.560775e-01 -1.430710e-01 -1.300646e-01 -1.170581e-01 -1.040517e-01 -9.104520e-02 -7.803874e-02 -6.503229e-02 -5.202583e-02 -3.901937e-02 -2.601291e-02 -1.300646e-02 0.000000e+00 1.300646e-02 2.601291e-02 3.901937e-02 5.202583e-02 6.503229e-02 7.803874e-02 9.104520e-02 1.040517e-01 1.170581e-01 1.300646e-01 1.430710e-01 1.560775e-01 1.690839e-01 1.820904e-01 1.950969e-01
 -1.950969e-01 -1.820904e-01 -1.690839e-01 -1.560775e-01 -1.430710e-01 -1.300646e-01 -1.170581e-01 -1.040517e-01 -9.104520e-02 -7.803874e-02 -6.503229e-02 -5.202583e-02 -3.901937e-02 -2.601291e-02 -1.300646e-02 0.000000e+00 1.300646e-02 2.601291e-02 3.901937e-02 5.202583e-02 6.503229e-02 7.803874e-02 9.104520e-02 1.040517e-01 1.170581e-01 1.300646e-01 1.430710e-01 1.560775e-01 1.690839e-01 1.820904e-01 1.950969e-01
 -1.950969e-01 -1.820904e-01 -1.690839e-01 -1.560775e-01 -1.430710e-01 -1.300646e-01 -1.170581e-01 -1.040517e-01 -9.104520e-02 -7.803874e-02 -6.503229e-02 -5.202583e-02 -3.901937e-02 -2.601291e-02 -1.300646e-02 0.000000e+00 1.300646e-02 2.601291e-02 3.901937e-02 5.202583e-02 6.503229e-02 7.803874e-02 9.104520e-02 1.040517e-01 1.170581e-01 1.300646e-01 1.430710e-01 1.560775e-01 1.690839e-01 1.820904e-01 1.950969e-01
 -1.950969e-01 -1.820904e-01 -1.690839e-01 -1.560775e-01 -1.430710e-01 -1.300646e-01 -1.170581e-01 -1.040517e-01 -9.104520e-02 -7.803874e-02 -6.503229e-02 -5.202583e-02 -3.901937e-02 -2.601291e-02 -1.300646e-02 0.000000e+00 1.300646e-02 2.601291e-02 3.901937e-02 5.202583e-02 6.503229e-02 7.803874e-02 9.104520e-02 1.040517e-01 1.170581e-01 1.300646e-01 1.430710e-01 1.560775e-01 1.690839e-01 1.820904e-01 1.950969e-01
 -1.950969e-01 -1.820904e-01 -1.690839e-01 -1.560775e-01 -1.430710e-01 -1.300646e-01 -1.170581e-01 -1.040517e-01 -9.104520e-02 -7.803874e-02 -6.503229e-02 -5.202583e-02 -3.901937e-02 -2.601291e-02 -1.300646e-02 0.000000e+00 1.300646e-02 2.601291e-02 3.901937e-02 5.202583e-02 6.503229e-02 7.803874e-02 9.104520e-02 1.040517e-01 1.170581e-01 1.300646e-01 1.430710e-01 1.560775e-01 1.690839e-01 1.820904e-01 1.950969e-01
 -1.950969e-01 -1.820904e-01 -1.690839e-01 -1.560775e-01 -1.430710e-01 -1.300646e-01 -1.170581e-01 -1.040517e-01 -9.104520e-02 -7.803874e-02 -6.503229e-02 -5.202583e-02 -3.901937e-02 -2.601291e-02 -1.300646e-02 0.000000e+00 1.300646e-02 2.601291e-02 3.901937e-02 5.202583e-02 6.503229e-02 7.803874e-02 9.104520e-02 1.040517e-01 1.170581e-01 1.300646e-01 1.430710e-01 1.560775e-01 1.690839e-01 1.820904e-01 1.950969e-01
 -1.950969e-01 -1.820904e-01 -1.690839e-01 -1.560775e-01 -1.430710e-01 -1.300646e-01 -1.170581e-01 -1.040517e-01 -9.104520e-02 -7.803874e-02 -6.503229e-02 -5.202583e-02 -3.901937e-02 -2.601291e-02 -1.300646e-02 0.000000e+00 1.300646e-02 2.601291e-02 3.901937e-02 5.202583e-02 6.503229e-02 7.803874e-02 9.104520e-02 1.040517e-01 1.170581e-01 1.300646e-01 1.430710e-01 1.560775e-01 1.690839e-01 1.820904e-01 1.950969e-01
 -1.950969e-01 -1.820904e-01 -1.690839e-01 -1.560775e-01 -1.430710e-01 -1.300646e-01 -1.170581e-01 -1.040517e-01 -9.104520e-02 -7.803874e-02 -6.503229e-02 -5.202583e-02 -3.901937e-02 -2.601291e-02 -1.300646e-02 0.000000e+00 1.300646e-02 2.601291e-02 3.901937e-02 5.202583e-02 6.503229e-02 7.803874e-02 9.104520e-02 1.040517e-01 1.170581e-01 1.300646e-01 1.430710e-01 1.560775e-01 1.690839e-01 1.820904e-01 1.950969e-01
 -1.950969e-01 -1.820904e-01 -1.690839e-01 -1.560775e-01 -1.430710e-01 -1.300646e-01 -1.170581e-01 -1.040517e-01 -9.104520e-02 -7.803874e-02 -6.503229e-02 -5.202583e-02 -3.901937e-02 -2.601291e-02 -1.300646e-02 0.000000e+00 1.300646e-02 2.601291e-02 3.901937e-02 5.202583e-02 6.503229e-02 7.803874e-02 9.104520e-02 1.040517e-01 1.170581e-01 1.300646e-01 1.430710e-01 1.560775e-01 1.690839e-01 1.820904e-01 1.950969e-01
 -1.950969e-01 -1.820904e-01 -1.690839e-01 -1.560775e-01 -1.430710e-01 -1.300646e-01 -1.170581e-01 -1.040517e-01 -9.104520e-02 -7.803874e-02 -6.503229e-02 -5.202583e-02 -3.901937e-02 -2.601291e-02 -1.300646e-02 0.000000e+00 1.300646e-02 2.601291e-02 3.901937e-02 5.202583e-02 6.503229e-02 7.803874e-02 9.104520e-02 1.040517e-01 1.170581e-01 1.300646e-01 1.430710e-01 1.560775e-01 1.690839e-01 1.820904e-01 1.950969e-01
 -1.950969e-01 -1.820904e-01 -1.690839e-01 -1.560775e-01 -1.430710e-01 -1.300646e-01 -1.170581e-01 -1.040517e-01 -9.104520e-02 -7.803874e-02 -6.503229e-02 -5.202583e-02 -3.901937e-02 -2.601291e-02 -1.300646e-02 0.000000e+00 1.300646e-02 2.601291e-02 3.901937e-02 5.202583e-02 6.503229e-02 7.803874e-02 9.104520e-02 1.040517e-01 1.170581e-01 1.300646e-01 1.430710e-01 1.560775e-01 1.690839e-01 1.820904e-01 1.950969e-01
 -1.950969e-01 -1.820904e-01 -1.690839e-01 -1.560775e-01 -1.430710e-01 -1.300646e-01 -1.170581e-01 -1.040517e-01 -9.104520e-02 -7.803874e-02 -6.503229e-02 -5.202583e-02 -3.901937e-02 -2.601291e-02 -1.300646e-02 0.000000e+00 1.300646e-02 2.601291e-02 3.901937e-02 5.202583e-02 6.503229e-02 7.803874e-02 9.104520e-02 1.040517e-01 1.170581e-01 1.300646e-01 1.430710e-01 1.560775e-01 1.690839e-01 1.820904e-01 1.950969e-01
 -1.950969e-01 -1.820904e-01 -1.690839e-01 -1.560775e-01 -1.430710e-01 -1.300646e-01 -1.170581e-01 -1.040517e-01 -9.104520e-02 -7.803874e-02 -6.503229e-02 -5.202583e-02 -3.901937e-02 -2.601291e-02 -1.300646e-02 0.000000e+00 1.300646e-02 2.601291e-02 3.901937e-02 5.202583e-02 6.503229e-02 7.803874e-02 9.104520e-02 1.040517e-01 1.170581e-01 1.300646e-01 1.430710e-01 1.560775e-01 1.690839e-01 1.820904e-01 1.950969e-01
 -1.950969e-01 -1.820904e-01 -1.690839e-01 -1.560775e-01 -1.430710e-01 -1.300646e-01 -1.170581e-01 -1.040517e-01 -9.104520e-02 -7.803874e-02 -6.503229e-02 -5.202583e-02 -3.901937e-02 -2.601291e-02 -1.300646e-02 0.000000e+00 1.300646e-02 2.601291e-02 3.901937e-02 5.202583e-02 6.503229e-02 7.803874e-02 9.104520e-02 1.040517e-01 1.170581e-01 1.300646e-01 1.430710e-01 1.560775e-01 1.690839e-01 1.820904e-01 1.950969e-01
 -1.950969e-01 -1.820904e-01 -1.690839e-01 -1.560775e-01 -1.430710e-01 -1.300646e-01 -1.170581e-01 -1.040517e-01 -9.104520e-02 -7.803874e-02 -6.503229e-02 -5.202583e-02 -3.901937e-02 -2.601291e-02 -1.300646e-02 0.000000e+00 1.300646e-02 2.601291e-02 3.901937e-02 5.202583e-02 6.503229e-02 7.803874e-02 9.104520e-02 1.040517e-01 1.170581e-01 1.300646e-01 1.430710e-01 1.560775e-01 1.690839e-01 1.820904e-01 1.950969e-01
 -1.950969e-01 -1.820904e-01 -1.690839e-01 -1.560775e-01 -1.430710e-01 -1.300646e-01 -1.170581e-01 -1.040517e-01 -9.104520e-02 -7.803874e-02 -6.503229e-02 -5.202583e-02 -3.901937e-02 -2.601291e-02 -1.300646e-02 0.000000e+00 1.300646e-02 2.601291e-02 3.901937e-02 5.202583e-02 6.503229e-02 7.803874e-02 9.104520e-02 1.040517e-01 1.170581e-01 1.300646e-01 1.430710e-01 1.560775e-01 1.690839e-01 1.820904e-01 1.950969e-01
 -1.950969e-01 -1.820904e-01 -1.690839e-01 -1.560775e-01 -1.430710e-01 -1.300646e-01 -1.170581e-01 -1.040517e-01 -9.104520e-02 -7.803874e-02 -6.503229e-02 -5.202583e-02 -3.901937e-02 -2.601291e-02 -1.300646e-02 0.000000e+00 1.300646e-02 2.601291e-02 3.901937e-02 5.202583e-02 6.503229e-02 7.803874e-02 9.104520e-02 1.040517e-01 1.170581e-01 1.300646e-01 1.430710e-01 1.560775e-01 1.690839e-01 1.820904e-01 1.950969e-01
 -1.950969e-01 -1.820904e-01 -1.690839e-01 -1.560775e-01 -1.430710e-01 -1.300646e-01 -1.170581e-01 -1.040517e-01 -9.104520e-02 -7.803874e-02 -6.503229e-02 -5.202583e-02 -3.901937e-02 -2.601291e-02 -1.300646e-02 0.000000e+00 1.300646e-02 2.601291e-02 3.901937e-02 5.202583e-02 6.503229e-02 7.803874e-02 9.104520e-02 1.040517e-01 1.170581e-01 1.300646e-01 1.430710e-01 1.560775e-01 1.690839e-01 1.820904e-01 1.950969e-01
 -1.950969e-01 -1.820904e-01 -1.690839e-01 -1.560775e-01 -1.430710e-01 -1.300646e-01 -1.170581e-01 -1.040517e-01 -9.104520e-02 -7.803874e-02 -6.503229e-02 -5.202583e-02 -3.901937e-02 -2.601291e-02 -1.300646e-02 0.000000e+00 1.300646e-02 2.601291e-02 3.901937e-02 5.202583e-02 6.503229e-02 7.803874e-02 9.104520e-02 1.040517e-01 1.170581e-01 1.300646e-01 1.430710e-01 1.560775e-01 1.690839e-01 1.820904e-01 1.950969e-01
 -1.950969e-01 -1.820904e-01 -1.690839e-01 -1.560775e-01 -1.430710e-01 -1.300646e-01 -1.170581e-01 -1.040517e-01 -9.104520e-02 -7.803874e-02 -6.503229e-02 -5.202583e-02 -3.901937e-02 -2.601291e-02 -1.300646e-02 0.000000e+00 1.300646e-02 2.601291e-02 3.901937e-02 5.202583e-02 6.503229e-02 7.803874e-02 9.104520e-02 1.040517e-01 1.170581e-01 1.300646e-01 1.430710e-01 1.560775e-01 1.690839e-01 1.820904e-01 1.950969e-01
 -1.950969e-01 -1.820904e-01 -1.690839e-01 -1.560775e-01 -1.430710e-01 -1.300646e-01 -1.170581e-01 -1.040517e-01 -9.104520e-02 -7.803874e-02 -6.503229e-02 -5.202583e-02 -3.901937e-02 -2.601291e-02 -1.300646e-02 0.000000e+00 1.300646e-02 2.601291e-02 3.901937e-02 5.202583e-02 6.503229e-02 7.803874e-02 9.104520e-02 1.040517e-01 1.170581e-01 1.300646e-01 1.430710e-01 1.560775e-01 1.690839e-01 1.820904e-01 1.950969e-01
 -1.950969e-01 -1.820904e-01 -1.690839e-01 -1.560775e-01 -1.430710e-01 -1.300646e-01 -1.170581e-01 -1.040517e-01 -9.104520e-02 -7.803874e-02 -6.503229e-02 -5.202583e-02 -3.901937e-02 -2.601291e-02 -1.300646e-02 0.000000e+00 1.300646e-02 2.601291e-02 3.901937e-02 5.202583e-02 6.503229e-02 7.803874e-02 9.104520e-02 1.040517e-01 1.170581e-01 1.300646e-01 1.430710e-01 1.560775e-01 1.690839e-01 1.820904e-01 1.950969e-01
 -1.950969e-01 -1.820904e-01 -1.690839e-01 -1.560775e-01 -1.430710e-01 -1.300646e-01 -1.170581e-01 -1.040517e-01 -9.104520e-02 -7.803874e-02 -6.503229e-02 -5.202583e-02 -3.901937e-02 -2.601291e-02 -1.300646e-02 0.000000e+00 1.300646e-02 2.601291e-02 3.901937e-02 5.202583e-02 6.503229e-02 7.803874e-02 9.104520e-02 1.040517e-01 1.170581e-01 1.300646e-01 1.430710e-01 1.560775e-01 1.690839e-01 1.820904e-01 1.950969e-01
 -1.950969e-01 -1.820904e-01 -1.690839e-01 -1.560775e-01 -1.430710e-01 -1.300646e-01 -1.170581e-01 -1.040517e-01 -9.104520e-02 -7.803874e-02 -6.503229e-02 -5.202583e-02 -3.901937e-02 -2.601291e-02 -1.300646e-02 0.000000e+00 1.300646e-02 2.601291e-02 3.901937e-02 5.202583e-02 6.503229e-02 7.803874e-02 9.104520e-02 1.040517e-01 1.170581e-01 1.300646e-01 1.430710e-01 1.560775e-01 1.690839e-01 1.820904e-01 1.950969e-01
 -1.950969e-01 -1.820904e-01 -1.690839e-01 -1.560775e-01 -1.430710e-01 -1.300646e-01 -1.170581e-01 -1.040517e-01 -9.104520e-02 -7.803874e-02 -6.503229e-02 -5.202583e-02 -3.901937e-02 -2.601291e-02 -1.300646e-02 0.000000e+00 1.300646e-02 2.601291e-02 3.901937e-02 5.202583e-02 6.503229e-02 7.803874e-02 9.104520e-02 1.040517e-01 1.170581e-01 1.300646e-01 1.430710e-01 1.560775e-01 1.690839e-01 1.820904e-01 1.950969e-01
 y  31 31 
 -1.840612e-01 -1.840612e-01 -1.840612e-01 -1.840612e-01 -1.840612e-01 -1.840612e-01 -1.840612e-01 -1.840612e-01 -1.840612e-01 -1.840612e-01 -1.840612e-01 -1.840612e-01 -1.840612e-01 -1.840612e-01 -1.840612e-01 -1.840612e-01 -1.840612e-01 -1.840612e-01 -1.840612e-01 -1.840612e-01 -1.840612e-01 -1.840612e-01 -1.840612e-01 -1.840612e-01 -1.840612e-01 -1.840612e-01 -1.840612e-01 -1.840612e-01 -1.840612e-01 -1.840612e-01 -1.840612e-01
 -1.717905e-01 -1.717905e-01 -1.717905e-01 -1.717905e-01 -1.717905e-01 -1.717905e-01 -1.717905e-01 -1.717905e-01 -1.717905e-01 -1.717905e-01 -1.717905e-01 -1.717905e-01 -1.717905e-01 -1.717905e-01 -1.717905e-01 -1.717905e-01 -1.717905e-01 -1.717905e-01 -1.717905e-01 -1.717905e-01 -1.717905e-01 -1.717905e-01 -1.717905e-01 -1.717905e-01 -1.717905e-01 -1.717905e-01 -1.717905e-01 -1.717905e-01 -1.717905e-01 -1.717905e-01 -1.717905e-01
 -1.595197e-01 -1.595197e-01 -1.595197e-01 -1.595197e-01 -1.595197e-01 -1.595197e-01 -1.595197e-01 -1.595197e-01 -1.595197e-01 -1.595197e-01 -1.595197e-01 -1.595197e-01 -1.595197e-01 -1.595197e-01 -1.595197e-01 -1.595197e-01 -1.595197e-01 -1.595197e-01 -1.595197e-01 -1.595197e-01 -1.595197e-01 -1.595197e-01 -1.595197e-01 -1.595197e-01 -1.595197e-01 -1.595197e-01 -1.595197e-01 -1.595197e-01 -1.595197e-01 -1.595197e-01 -1.595197e-01
 -1.472490e-01 -1.472490e-01 -1.472490e-01 -1.472490e-01 -1.472490e-01 -1.472490e-01 -1.472490e-01 -1.472490e-01 -1.472490e-01 -1.472490e-01 -1.472490e-01 -1.472490e-01 -1.472490e-01 -1.472490e-01 -1.472490e-01 -1.472490e-01 -1.472490e-01 -1.472490e-01 -1.472490e-01 -1.472490e-01 -1.472490e-01 -1.472490e-01 -1.472490e-01 -1.472490e-01 -1.472490e-01 -1.472490e-01 -1.472490e-01 -1.472490e-01 -1.472490e-01 -1.472490e-01 -1.472490e-01
 -1.349782e-01 -1.349782e-01 -1.349782e-01 -1.349782e-01 -1.349782e-01 -1.349782e-01 -1.349782e-01 -1.349782e-01 -1.349782e-01 -1.349782e-01 -1.349782e-01 -1.349782e-01 -1.349782e-01 -1.349782e-01 -1.349782e-01 -1.349782e-01 -1.349782e-01 -1.349782e-01 -1.349782e-01 -1.349782e-01 -1.349782e-01 -1.349782e-01 -1.349782e-01 -1.349782e-01 -1.349782e-01 -1.349782e-01 -1.349782e-01 -1.349782e-01 -1.349782e-01 -1.349782e-01 -1.349782e-01
 -1.227075e-01 -1.227075e-01 -1.227075e-01 -1.227075e-01 -1.227075e-01 -1.227075e-01 -1.227075e-01 -1.227075e-01 -1.227075e-01 -1.227075e-01 -1.227075e-01 -1.227075e-01 -1.227075e-01 -1.227075e-01 -1.227075e-01 -1.227075e-01 -1.227075e-01 -1.227075e-01 -1.227075e-01 -1.227075e-01 -1.227075e-01 -1.227075e-01 -1.227075e-01 -1.227075e-01 -1.227075e-01 -1.227075e-01 -1.227075e-01 -1.227075e-01 -1.227075e-01 -1.227075e-01 -1.227075e-01
 -1.104367e-01 -1.104367e-01 -1.104367e-01 -1.104367e-01 -1.104367e-01 -1.104367e-01 -1.104367e-01 -1.104367e-01 -1.104367e-01 -1.104367e-01 -1.104367e-01 -1.104367e-01 -1.104367e-01 -1.104367e-01 -1.104367e-01 -1.104367e-01 -1.104367e-01 -1.104367e-01 -1.104367e-01 -1.104367e-01 -1.104367e-01 -1.104367e-01 -1.104367e-01 -1.104367e-01 -1.104367e-01 -1.104367e-01 -1.104367e-01 -1.104367e-01 -1.104367e-01 -1.104367e-01 -1.104367e-01
 -9.816598e-02 -9.816598e-02 -9.816598e-02 -9.816598e-02 -9.816598e-02 -9.816598e-02 -9.816598e-02 -9.816598e-02 -9.816598e-02 -9.816598e-02 -9.816598e-02 -9.816598e-02 -9.816598e-02 -9.816598e-02 -9.816598e-02 -9.816598e-02 -9.816598e-02 -9.816598e-02 -9.816598e-02 -9.816598e-02 -9.816598e-02 -9.816598e-02 -9.816598e-02 -9.816598e-02 -9.816598e-02 -9.816598e-02 -9.816598e-02 -9.816598e-02 -9.816598e-02 -9.816598e-02 -9.816598e-02
 -8.589524e-02 -8.589524e-02 -8.589524e-02 -8.589524e-02 -8.589524e-02 -8.589524e-02 -8.589524e-02 -8.589524e-02 -8.589524e-02 -8.589524e-02 -8.589524e-02 -8.589524e-02 -8.589524e-02 -8.589524e-02 -8.589524e-02 -8.589524e-02 -8.589524e-02 -8.589524e-02 -8.589524e-02 -8.589524e-02 -8.589524e-02 -8.589524e-02 -8.589524e-02 -8.589524e-02 -8.589524e-02 -8.589524e-02 -8.589524e-02 -8.589524e-02 -8.589524e-02 -8.589524e-02 -8.589524e-02
 -7.362449e-02 -7.362449e-02 -7.362449e-02 -7.362449e-02 -7.362449e-02 -7.362449e-02 -7.362449e-02 -7.362449e-02 -7.362449e-02 -7.362449e-02 -7.362449e-02 -7.362449e-02 -7.362449e-02 -7.362449e-02 -7.362449e-02 -7.362449e-02 -7.362449e-02 -7.362449e-02 -7.362449e-02 -7.362449e-02 -7.362449e-02 -7.362449e-02 -7.362449e-02 -7.362449e-02 -7.362449e-02 -7.362449e-02 -7.362449e-02 -7.362449e-02 -7.362449e-02 -7.362449e-02 -7.362449e-02
 -6.135374e-02 -6.135374e-02 -6.135374e-02 -6.135374e-02 -6.135374e-02 -6.135374e-02 -6.135374e-02 -6.135374e-02 -6.135374e-02 -6.135374e-02 -6.135374e-02 -6.135374e-02 -6.135374e-02 -6.135374e-02 -6.135374e-02 -6.135374e-02 -6.135374e-02 -6.135374e-02 -6.135374e-02 -6.135374e-02 -6.135374e-02 -6.135374e-02 -6.135374e-02 -6.135374e-02 -6.135374e-02 -6.135374e-02 -6.135374e-02 -6.135374e-02 -6.135374e-02 -6.135374e-02 -6.135374e-02
 -4.908299e-02 -4.908299e-02 -4.908299e-02 -4.908299e-02 -4.908299e-02 -4.908299e-02 -4.908299e-02 -4.908299e-02 -4.908299e-02 -4.908299e-02 -4.908299e-02 -4.908299e-02 -4.908299e-02 -4.908299e-02 -4.908299e-02 -4.908299e-02 -4.908299e-02 -4.908299e-02 -4.908299e-02 -4.908299e-02 -4.908299e-02 -4.908299e-02 -4.908299e-02 -4.908299e-02 -4.908299e-02 -4.908299e-02 -4.908299e-02 -4.908299e-02 -4.908299e-02 -4.908299e-02 -4.908299e-02
 -3.681224e-02 -3.681224e-02 -3.681224e-02 -3.681224e-02 -3.681224e-02 -3.681224e-02 -3.681224e-02 -3.681224e-02 -3.681224e-02 -3.681224e-02 -3.681224e-02 -3.681224e-02 -3.681224e-02 -3.681224e-02 -3.681224e-02 -3.681224e-02 -3.681224e-02 -3.681224e-02 -3.681224e-02 -3.681224e-02 -3.681224e-02 -3.681224e-02 -3.681224e-02 -3.681224e-02 -3.681224e-02 -3.681224e-02 -3.681224e-02 -3.681224e-02 -3.681224e-02 -3.681224e-02 -3.681224e-02
 -2.454150e-02 -2.454150e-02 -2.454150e-02 -2.454150e-02 -2.454150e-02 -2.454150e-02 -2.454150e-02 -2.454150e-02 -2.454150e-02 -2.454150e-02 -2.454150e-02 -2.454150e-02 -2.454150e-02 -2.454150e-02 -2.454150e-02 -2.454150e-02 -2.454150e-02 -2.454150e-02 -2.454150e-02 -2.454150e-02 -2.454150e-02 -2.454150e-02 -2.454150e-02 -2.454150e-02 -2.454150e-02 -2.454150e-02 -2.454150e-02 -2.454150e-02 -2.454150e-02 -2.454150e-02 -2.454150e-02
 -1.227075e-02 -1.227075e-02 -1.227075e-02 -1.227075e-02 -1.227075e-02 -1.227075e-02 -1.227075e-02 -1.227075e-02 -1.227075e-02 -1.227075e-02 -1.227075e-02 -1.227075e-02 -1.227075e-02 -1.227075e-02 -1.227075e-02 -1.227075e-02 -1.227075e-02 -1.227075e-02 -1.227075e-02 -1.227075e-02 -1.227075e-02 -1.227075e-02 -1.227075e-02 -1.227075e-02 -1.227075e-02 -1.227075e-02 -1.227075e-02 -1.227075e-02 -1.227075e-02 -1.227075e-02 -1.227075e-02
 0.000000e+00 0.000000e+00 0.000000e+00 0.000000e+00 0.000000e+00 0.000000e+00 0.000000e+00 0.000000e+00 0.000000e+00 0.000000e+00 0.000000e+00 0.000000e+00 0.000000e+00 0.000000e+00 0.000000e+00 0.000000e+00 0.000000e+00 0.000000e+00 0.000000e+00 0.000000e+00 0.000000e+00 0.000000e+00 0.000000e+00 0.000000e+00 0.000000e+00 0.000000e+00 0.000000e+00 0.000000e+00 0.000000e+00 0.000000e+00 0.000000e+00
 1.227075e-02 1.227075e-02 1.227075e-02 1.227075e-02 1.227075e-02 1.227075e-02 1.227075e-02 1.227075e-02 1.227075e-02 1.227075e-02 1.227075e-02 1.227075e-02 1.227075e-02 1.227075e-02 1.227075e-02 1.227075e-02 1.227075e-02 1.227075e-02 1.227075e-02 1.227075e-02 1.227075e-02 1.227075e-02 1.227075e-02 1.227075e-02 1.227075e-02 1.227075e-02 1.227075e-02 1.227075e-02 1.227075e-02 1.227075e-02 1.227075e-02
 2.454150e-02 2.454150e-02 2.454150e-02 2.454150e-02 2.454150e-02 2.454150e-02 2.454150e-02 2.454150e-02 2.454150e-02 2.454150e-02 2.454150e-02 2.454150e-02 2.454150e-02 2.454150e-02 2.454150e-02 2.454150e-02 2.454150e-02 2.454150e-02 2.454150e-02 2.454150e-02 2.454150e-02 2.454150e-02 2.454150e-02 2.454150e-02 2.454150e-02 2.454150e-02 2.454150e-02 2.454150e-02 2.454150e-02 2.454150e-02 2.454150e-02
 3.681224e-02 3.681224e-02 3.681224e-02 3.681224e-02 3.681224e-02 3.681224e-02 3.681224e-02 3.681224e-02 3.681224e-02 3.681224e-02 3.681224e-02 3.681224e-02 3.681224e-02 3.681224e-02 3.681224e-02 3.681224e-02 3.681224e-02 3.681224e-02 3.681224e-02 3.681224e-02 3.681224e-02 3.681224e-02 3.681224e-02 3.681224e-02 3.681224e-02 3.681224e-02 3.681224e-02 3.681224e-02 3.681224e-02 3.681224e-02 3.681224e-02
 4.908299e-02 4.908299e-02 4.908299e-02 4.908299e-02 4.908299e-02 4.908299e-02 4.908299e-02 4.908299e-02 4.908299e-02 4.908299e-02 4.908299e-02 4.908299e-02 4.908299e-02 4.908299e-02 4.908299e-02 4.908299e-02 4.908299e-02 4.908299e-02 4.908299e-02 4.908299e-02 4.908299e-02 4.908299e-02 4.908299e-02 4.908299e-02 4.908299e-02 4.908299e-02 4.908299e-02 4.908299e-02 4.908299e-02 4.908299e-02 4.908299e-02
 6.135374e-02 6.135374e-02 6.135374e-02 6.135374e-02 6.135374e-02 6.135374e-02 6.135374e-02 6.135374e-02 6.135374e-02 6.135374e-02 6.135374e-02 6.135374e-02 6.135374e-02 6.135374e-02 6.135374e-02 6.135374e-02 6.135374e-02 6.135374e-02 6.135374e-02 6.135374e-02 6.135374e-02 6.135374e-02 6.135374e-02 6.135374e-02 6.135374e-02 6.135374e-02 6.135374e-02 6.135374e-02 6.135374e-02 6.135374e-02 6.135374e-02
 7.362449e-02 7.362449e-02 7.362449e-02 7.362449e-02 7.362449e-02 7.362449e-02 7.362449e-02 7.362449e-02 7.362449e-02 7.362449e-02 7.362449e-02 7.362449e-02 7.362449e-02 7.362449e-02 7.362449e-02 7.362449e-02 7.362449e-02 7.362449e-02 7.362449e-02 7.362449e-02 7.362449e-02 7.362449e-02 7.362449e-02 7.362449e-02 7.362449e-02 7.362449e-02 7.362449e-02 7.362449e-02 7.362449e-02 7.362449e-02 7.362449e-02
 8.589524e-02 8.589524e-02 8.589524e-02 8.589524e-02 8.589524e-02 8.589524e-02 8.589524e-02 8.589524e-02 8.589524e-02 8.589524e-02 8.589524e-02 8.589524e-02 8.589524e-02 8.589524e-02 8.589524e-02 8.589524e-02 8.589524e-02 8.589524e-02 8.589524e-02 8.589524e-02 8.589524e-02 8.589524e-02 8.589524e-02 8.589524e-02 8.589524e-02 8.589524e-02 8.589524e-02 8.589524e-02 8.589524e-02 8.589524e-02 8.589524e-02
 9.816598e-02 9.816598e-02 9.816598e-02 9.816598e-02 9.816598e-02 9.816598e-02 9.816598e-02 9.816598e-02 9.816598e-02 9.816598e-02 9.816598e-02 9.816598e-02 9.816598e-02 9.816598e-02 9.816598e-02 9.816598e-02 9.816598e-02 9.816598e-02 9.816598e-02 9.816598e-02 9.816598e-02 9.816598e-02 9.816598e-02 9.816598e-02 9.816598e-02 9.816598e-02 9.816598e-02 9.816598e-02 9.816598e-02 9.816598e-02 9.816598e-02
 1.104367e-01 1.104367e-01 1.104367e-01 1.104367e-01 1.104367e-01 1.104367e-01 1.104367e-01 1.104367e-01 1.104367e-01 1.104367e-01 1.104367e-01 1.104367e-01 1.104367e-01 1.104367e-01 1.104367e-01 1.104367e-01 1.104367e-01 1.104367e-01 1.104367e-01 1.104367e-01 1.104367e-01 1.104367e-01 1.104367e-01 1.104367e-01 1.104367e-01 1.104367e-01 1.104367e-01 1.104367e-01 1.104367e-01 1.104367e-01 1.104367e-01
 1.227075e-01 1.227075e-01 1.227075e-01 1.227075e-01 1.227075e-01 1.227075e-01 1.227075e-01 1.227075e-01 1.227075e-01 1.227075e-01 1.227075e-01 1.227075e-01 1.227075e-01 1.227075e-01 1.227075e-01 1.227075e-01 1.227075e-01 1.227075e-01 1.227075e-01 1.227075e-01 1.227075e-01 1.227075e-01 1.227075e-01 1.227075e-01 1.227075e-01 1.227075e-01 1.227075e-01 1.227075e-01 1.227075e-01 1.227075e-01 1.227075e-01
 1.349782e-01 1.349782e-01 1.349782e-01 1.349782e-01 1.349782e-01 1.349782e-01 1.349782e-01 1.349782e-01 1.349782e-01 1.349782e-01 1.349782e-01 1.349782e-01 1.349782e-01 1.349782e-01 1.349782e-01 1.349782e-01 1.349782e-01 1.349782e-01 1.349782e-01 1.349782e-01 1.349782e-01 1.349782e-01 1.349782e-01 1.349782e-01 1.349782e-01 1.349782e-01 1.349782e-01 1.349782e-01 1.349782e-01 1.349782e-01 1.349782e-01
 1.472490e-01 1.472490e-01 1.472490e-01 1.472490e-01 1.472490e-01 1.472490e-01 1.472490e-01 1.472490e-01 1.472490e-01 1.472490e-01 1.472490e-01 1.472490e-01 1.472490e-01 1.472490e-01 1.472490e-01 1.472490e-01 1.472490e-01 1.472490e-01 1.472490e-01 1.472490e-01 1.472490e-01 1.472490e-01 1.472490e-01 1.472490e-01 1.472490e-01 1.472490e-01 1.472490e-01 1.472490e-01 1.472490e-01 1.472490e-01 1.472490e-01
 1.595197e-01 1.595197e-01 1.595197e-01 1.595197e-01 1.595197e-01 1.595197e-01 1.595197e-01 1.595197e-01 1.595197e-01 1.595197e-01 1.595197e-01 1.595197e-01 1.595197e-01 1.595197e-01 1.595197e-01 1.595197e-01 1.595197e-01 1.595197e-01 1.595197e-01 1.595197e-01 1.595197e-01 1.595197e-01 1.595197e-01 1.595197e-01 1.595197e-01 1.595197e-01 1.595197e-01 1.595197e-01 1.595197e-01 1.595197e-01 1.595197e-01
 1.717905e-01 1.717905e-01 1.717905e-01 1.717905e-01 1.717905e-01 1.717905e-01 1.717905e-01 1.717905e-01 1.717905e-01 1.717905e-01 1.717905e-01 1.717905e-01 1.717905e-01 1.717905e-01 1.717905e-01 1.717905e-01 1.717905e-01 1.717905e-01 1.717905e-01 1.717905e-01 1.717905e-01 1.717905e-01 1.717905e-01 1.717905e-01 1.717905e-01 1.717905e-01 1.717905e-01 1.717905e-01 1.717905e-01 1.717905e-01 1.717905e-01
 1.840612e-01 1.840612e-01 1.840612e-01 1.840612e-01 1.840612e-01 1.840612e-01 1.840612e-01 1.840612e-01 1.840612e-01 1.840612e-01 1.840612e-01 1.840612e-01 1.840612e-01 1.840612e-01 1.840612e-01 1.840612e-01 1.840612e-01 1.840612e-01 1.840612e-01 1.840612e-01 1.840612e-01 1.840612e-01 1.840612e-01 1.840612e-01 1.840612e-01 1.840612e-01 1.840612e-01 1.840612e-01 1.840612e-01 1.840612e-01 1.840612e-01
 u  31 31 
 4.748175e-03 -5.898667e-03 -1.255975e-02 -1.441903e-02 -1.510159e-02 -1.537804e-02 -1.543205e-02 -1.530172e-02 -1.495610e-02 -1.425464e-02 -1.278170e-02 -9.767543e-03 -5.256114e-03 -1.801817e-03 -3.321237e-03 -1.056266e-02 -1.569218e-02 -1.485431e-02 -1.197545e-02 -9.773223e-03 -8.629439e-03 -8.225085e-03 -8.216829e-03 -8.371880e-03 -8.565154e-03 -8.745478e-03 -8.902377e-03 -9.038337e-03 -9.114413e-03 -8.701925e-03 4.748175e-03
 5.548348e-03 -4.494695e-03 -4.945242e-03 -5.052767e-03 -5.165552e-03 -5.315036e-03 -5.370299e-03 -5.007642e-03 -3.738030e-03 -1.254917e-03 2.140972e-03 7.056299e-03 1.444214e-02 2.214736e-02 2.780595e-02 3.019398e-02 2.889225e-02 2.412080e-02 1.689842e-02 9.382918e-03 3.869416e-03 4.191959e-05 -2.706728e-03 -4.219374e-03 -4.864962e-03 -5.166678e-03 -5.459714e-03 -5.892777e-03 -6.540526e-03 -7.791778e-03 5.548348e-03
 5.803802e-03 -6.520045e-03 -6.867842e-03 -7.082949e-03 -7.253440e-03 -7.301067e-03 -7.010090e-03 -6.030391e-03 -3.995327e-03 -8.452404e-04 3.058315e-03 7.898106e-03 1.399345e-02 2.002060e-02 2.436356e-02 2.608872e-02 2.488259e-02 2.097223e-02 1.518689e-02 9.011611e-03 3.802955e-03 -4.573236e-04 -3.875702e-03 -6.140877e-03 -7.342356e-03 -7.866928e-03 -8.071637e-03 -8.169700e-03 -8.249986e-03 -8.385921e-03 5.803802e-03
 5.980620e-03 -7.823092e-03 -8.184145e-03 -8.348128e-03 -8.333025e-03 -8.049162e-03 -7.324370e-03 -5.941229e-03 -3.746680e-03 -8.229370e-04 2.543071e-03 6.399566e-03 1.097583e-02 1.555743e-02 1.894081e-02 2.027858e-02 1.926539e-02 1.613445e-02 1.164600e-02 6.921100e-03 2.747870e-03 -8.993359e-04 -4.029911e-03 -6.400370e-03 -7.951124e-03 -8.843759e-03 -9.296453e-03 -9.476222e-03 -9.469746e-03 -9.310975e-03 5.980620e-03
 6.012857e-03 -8.482626e-03 -8.862967e-03 -8.925831e-03 -8.691656e-03 -8.114761e-03 -7.118962e-03 -5.638481e-03 -3.679429e-03 -1.373456e-03 1.087843e-03 3.714924e-03 6.691645e-03 9.748158e-03 1.210743e-02 1.305650e-02 1.230418e-02 1.006706e-02 6.983420e-03 3.803823e-03 9.036316e-04 -1.769854e-03 -4.218735e-03 -6.291204e-03 -7.877808e-03 -8.978697e-03 -9.658577e-03 -9.988772e-03 -1.001047e-02 -9.725998e-03 6.012857e-03
 5.915226e-03 -8.596749e-03 -8.992741e-03 -8.949098e-03 -8.539222e-03 -7.796461e-03 -6.748821e-03 -5.443113e-03 -3.962851e-03 -2.426812e-03 -9.399382e-04 5.008511e-04 1.996763e-03 3.508217e-03 4.709682e-03 5.194155e-03 4.762923e-03 3.547108e-03 1.911180e-03 2.040991e-04 -1.445768e-03 -3.074984e-03 -4.692538e-03 -6.225264e-03 -7.576058e-03 -8.669548e-03 -9.459017e-03 -9.912542e-03 -9.992450e-03 -9.638862e-03 5.915226e-03
 5.775308e-03 -8.229447e-03 -8.646866e-03 -8.532281e-03 -8.046668e-03 -7.308217e-03 -6.418997e-03 -5.474870e-03 -4.565410e-03 -3.762864e-03 -3.100763e-03 -2.557689e-03 -2.080916e-03 -1.655839e-03 -1.350409e-03 -1.272146e-03 -1.480219e-03 -1.937463e-03 -2.539409e-03 -3.192417e-03 -3.872138e-03 -4.610954e-03 -5.439627e-03 -6.347649e-03 -7.282350e-03 -8.164627e-03 -8.901268e-03 -9.387840e-03 -9.502097e-03 -9.092367e-03 5.775308e-03
 5.689578e-03 -7.406285e-03 -7.869524e-03 -7.769234e-03 -7.355168e-03 -6.800036e-03 -6.227401e-03 -5.722778e-03 -5.335781e-03 -5.077480e-03 -4.920111e-03 -4.810282e-03 -4.702309e-03 -4.596120e-03 -4.543613e-03 -4.608531e-03 -4.812627e-03 -5.112658e-03 -5.425512e-03 -5.684293e-03 -5.881624e-03 -6.066738e-03 -6.307237e-03 -6.650070e-03 -7.101434e-03 -7.623145e-03 -8.134659e-03 -8.512058e-03 -8.579207e-03 -8.091604e-03 5.689578e-03
 5.707518e-03 -6.145977e-03 -6.700447e-03 -6.746091e-03 -6.572897e-03 -6.351560e-03 -6.175196e-03 -6.080139e-03 -6.057640e-03 -6.065248e-03 -6.045249e-03 -5.953453e-03 -5.791324e-03 -5.618963e-03 -5.528973e-03 -5.596906e-03 -5.843199e-03 -6.219725e-03 -6.622729e-03 -6.938358e-03 -7.102020e-03 -7.124751e-03 -7.071476e-03 -7.020525e-03 -7.030829e-03 -7.122327e-03 -7.264562e-03 -7.365384e-03 -7.250984e-03 -6.629961e-03 5.707518e-03
 5.769553e-03 -4.537428e-03 -5.229655e-03 -5.557608e-03 -5.766948e-03 -5.966814e-03 -6.181536e-03 -6.381653e-03 -6.513975e-03 -6.533943e-03 -6.428680e-03 -6.222493e-03 -5.972647e-03 -5.758620e-03 -5.659095e-03 -5.726326e-03 -5.971278e-03 -6.358028e-03 -6.806398e-03 -7.213011e-03 -7.489529e-03 -7.589873e-03 -7.511646e-03 -7.289207e-03 -6.983507e-03 -6.658726e-03 -6.350287e-03 -6.034817e-03 -5.598630e-03 -4.783731e-03 5.769553e-03
 5.681062e-03 -2.808489e-03 -3.637015e-03 -4.308460e-03 -4.954494e-03 -5.579131e-03 -6.108720e-03 -6.449726e-03 -6.560431e-03 -6.481706e-03 -6.296078e-03 -6.074827e-03 -5.869041e-03 -5.723850e-03 -5.680115e-03 -5.763858e-03 -5.976800e-03 -6.292132e-03 -6.657457e-03 -7.009602e-03 -7.295171e-03 -7.472349e-03 -7.488699e-03 -7.279831e-03 -6.818756e-03 -6.158242e-03 -5.399784e-03 -4.619038e-03 -3.804996e-03 -2.800111e-03 5.681062e-03
 5.208818e-03 -1.232364e-03 -2.136232e-03 -3.089359e-03 -4.105294e-03 -5.072720e-03 -5.798497e-03 -6.146714e-03 -6.171393e-03 -6.047047e-03 -5.909389e-03 -5.808682e-03 -5.751786e-03 -5.742183e-03 -5.789271e-03 -5.899757e-03 -6.067642e-03 -6.270596e-03 -6.476044e-03 -6.657035e-03 -6.806908e-03 -6.929064e-03 -6.988481e-03 -6.861381e-03 -6.380697e-03 -5.502316e-03 -4.376658e-03 -3.204554e-03 -2.087696e-03 -9.686974e-04 5.208818e-03
 4.267569e-03 3.712449e-05 -8.810529e-04 -1.963263e-03 -3.171850e-03 -4.323640e-03 -5.117138e-03 -5.415804e-03 -5.416209e-03 -5.374570e-03 -5.401875e-03 -5.500733e-03 -5.641108e-03 -5.796767e-03 -5.951701e-03 -6.093864e-03 -6.208249e-03 -6.276410e-03 -6.284870e-03 -6.238420e-03 -6.167291e-03 -6.114207e-03 -6.088331e-03 -5.983118e-03 -5.540538e-03 -4.571021e-03 -3.237285e-03 -1.858647e-03 -6.047296e-04 5.505287e-04 4.267569e-03
 3.009001e-03 7.732471e-04 -3.191772e-05 -1.009826e-03 -2.143607e-03 -3.254050e-03 -4.001900e-03 -4.286295e-03 -4.384178e-03 -4.527946e-03 -4.772860e-03 -5.092410e-03 -5.440775e-03 -5.771831e-03 -6.042988e-03 -6.216850e-03 -6.265559e-03 -6.178573e-03 -5.970016e-03 -5.679581e-03 -5.364575e-03 -5.084718e-03 -4.873954e-03 -4.673270e-03 -4.238021e-03 -3.295704e-03 -1.989736e-03 -6.898984e-04 4.363030e-04 1.418634e-03 3.009001e-03
 1.708556e-03 6.663216e-04 2.382933e-04 -3.330750e-04 -1.074956e-03 -1.881457e-03 -2.494002e-03 -2.843164e-03 -3.133277e-03 -3.497837e-03 -3.952705e-03 -4.469913e-03 -5.004989e-03 -5.498731e-03 -5.878685e-03 -6.073087e-03 -6.037888e-03 -5.779847e-03 -5.354275e-03 -4.839064e-03 -4.307652e-03 -3.815452e-03 -3.391892e-03 -3.009729e-03 -2.514353e-03 -1.706376e-03 -7.154547e-04 1.588393e-04 8.172556e-04 1.299815e-03 1.708556e-03
 4.819357e-04 -1.161701e-04 2.444688e-05 7.186747e-05 -4.217281e-05 -3.347946e-04 -7.406126e-04 -1.197102e-03 -1.702672e-03 -2.264284e-03 -2.878710e-03 -3.531660e-03 -4.189689e-03 -4.788523e-03 -5.230591e-03 -5.411678e-03 -5.277986e-03 -4.865137e-03 -4.272389e-03 -3.603134e-03 -2.928729e-03 -2.285072e-03 -1.681368e-03 -1.104660e-03 -5.237135e-04 5.103685e-05 4.884632e-04 6.825867e-04 6.585676e-04 4.859380e-04 4.819357e-04
 -8.307605e-04 -9.991751e-04 -2.810002e-04 3.829137e-04 9.159425e-04 1.185894e-03 1.039763e-03 5.196454e-04 -1.555375e-04 -8.587801e-04 -1.563811e-03 -2.267040e-03 -2.946612e-03 -3.541911e-03 -3.951099e-03 -4.067957e-03 -3.852963e-03 -3.366451e-03 -2.720020e-03 -2.009050e-03 -1.285550e-03 -5.637270e-04 1.623771e-04 8.829833e-04 1.491088e-03 1.755597e-03 1.575417e-03 1.072469e-03 3.886690e-04 -3.897690e-04 -8.307605e-04
 -2.252881e-03 -1.376469e-03 -2.607991e-04 8.126885e-04 1.794864e-03 2.491872e-03 2.617471e-03 2.149751e-03 1.402193e-03 6.199788e-04 -1.211339e-04 -8.103917e-04 -1.431381e-03 -1.934457e-03 -2.240245e-03 -2.278355e-03 -2.037783e-03 -1.574975e-03 -9.723201e-04 -2.952059e-04 4.243203e-04 1.182374e-03 1.978712e-03 2.750875e-03 3.266154e-03 3.201289e-03 2.540999e-03 1.550207e-03 4.295493e-04 -7.416752e-04 -2.252881e-03
 -3.537297e-03 -9.436601e-04 2.675865e-04 1.456042e-03 2.590972e-03 3.475272e-03 3.817561e-03 3.523491e-03 2.835708e-03 2.044032e-03 1.291799e-03 6.211246e-04 5.219492e-05 -3.776478e-04 -6.151323e-04 -6.200823e-04 -3.918189e-04 3.209942e-05 5.980972e-04 1.260089e-03 1.992073e-03 2.781969e-03 3.594874e-03 4.296424e-03 4.604918e-03 4.275442e-03 3.385764e-03 2.212764e-03 9.518742e-04 -3.358884e-04 -3.537297e-03
 -4.403502e-03 1.232446e-04 1.241349e-03 2.299183e-03 3.305260e-03 4.129005e-03 4.565950e-03 4.492026e-03 3.995136e-03 3.290837e-03 2.555094e-03 1.875692e-03 1.294812e-03 8.549556e-04 6.078927e-04 5.921937e-04 8.132492e-04 1.243750e-03 1.836924e-03 2.543014e-03 3.319783e-03 4.122053e-03 4.862037e-03 5.369353e-03 5.436757e-03 4.980674e-03 4.120913e-03 3.053082e-03 1.899234e-03 6.575098e-04 -4.403502e-03
 -4.733621e-03 1.602600e-03 2.547983e-03 3.297542e-03 3.962401e-03 4.526062e-03 4.896984e-03 4.974495e-03 4.727794e-03 4.225902e-03 3.587752e-03 2.918182e-03 2.295891e-03 1.797564e-03 1.501973e-03 1.463687e-03 1.694750e-03 2.167380e-03 2.823884e-03 3.588784e-03 4.379746e-03 5.105337e-03 5.654255e-03 5.911599e-03 5.817255e-03 5.408565e-03 4.787045e-03 4.039787e-03 3.173836e-03 2.067902e-03 -4.733621e-03
 -4.650039e-03 3.287028e-03 4.003683e-03 4.367882e-03 4.595584e-03 4.778722e-03 4.925729e-03 4.993731e-03 4.923580e-03 4.676918e-03 4.258531e-03 3.714727e-03 3.126213e-03 2.606605e-03 2.278417e-03 2.226053e-03 2.471259e-03 2.977131e-03 3.658424e-03 4.398076e-03 5.075039e-03 5.591683e-03 5.892483e-03 5.975247e-03 5.886014e-03 5.690578e-03 5.434823e-03 5.108464e-03 4.610539e-03 3.701926e-03 -4.650039e-03
 -4.412528e-03 4.818218e-03 5.330284e-03 5.376615e-03 5.210807e-03 4.991382e-03 4.802525e-03 4.671797e-03 4.582271e-03 4.485780e-03 4.322366e-03 4.048071e-03 3.670148e-03 3.273022e-03 2.994477e-03 2.951359e-03 3.181878e-03 3.636885e-03 4.202265e-03 4.744599e-03 5.167056e-03 5.441404e-03 5.600127e-03 5.704699e-03 5.811467e-03 5.945974e-03 6.086044e-03 6.147381e-03 5.962402e-03 5.242128e-03 -4.412528e-03
 -4.227645e-03 5.912941e-03 6.298969e-03 6.180433e-03 5.765975e-03 5.219884e-03 4.664285e-03 4.186169e-03 3.837555e-03 3.630108e-03 3.530256e-03 3.467901e-03 3.373203e-03 3.232387e-03 3.110921e-03 3.103996e-03 3.258441e-03 3.540105e-03 3.864702e-03 4.159315e-03 4.406372e-03 4.642257e-03 4.922991e-03 5.288016e-03 5.740226e-03 6.241127e-03 6.711682e-03 7.030432e-03 7.023159e-03 6.436087e-03 -4.227645e-03
 -4.153369e-03 6.475153e-03 6.797116e-03 6.656916e-03 6.170261e-03 5.447140e-03 4.591694e-03 3.710050e-03 2.909888e-03 2.284210e-03 1.872649e-03 1.620445e-03 1.405346e-03 1.158139e-03 9.411842e-04 8.803914e-04 1.045744e-03 1.400402e-03 1.843993e-03 2.304443e-03 2.793726e-03 3.373884e-03 4.082691e-03 4.899373e-03 5.757251e-03 6.567243e-03 7.231502e-03 7.644683e-03 7.683829e-03 7.179653e-03 -4.153369e-03
 -4.123146e-03 6.489174e-03 6.769561e-03 6.696180e-03 6.291193e-03 5.576254e-03 4.578698e-03 3.357017e-03 2.024819e-03 7.487818e-04 -3.374570e-04 -1.312135e-03 -2.437776e-03 -3.728624e-03 -4.787873e-03 -5.157213e-03 -4.650008e-03 -3.448195e-03 -1.975298e-03 -5.931160e-04 6.582273e-04 1.937525e-03 3.298908e-03 4.648513e-03 5.858612e-03 6.834801e-03 7.522104e-03 7.886078e-03 7.886450e-03 7.437752e-03 -4.123146e-03
 -3.992301e-03 5.916672e-03 6.145690e-03 6.174722e-03 5.959358e-03 5.435038e-03 4.515539e-03 3.137245e-03 1.336916e-03 -6.763634e-04 -2.635595e-03 -4.676623e-03 -7.251821e-03 -1.008144e-02 -1.224399e-02 -1.298030e-02 -1.202959e-02 -9.676869e-03 -6.665529e-03 -3.850312e-03 -1.523234e-03 6.302249e-04 2.717947e-03 4.540664e-03 5.935965e-03 6.878165e-03 7.422667e-03 7.638438e-03 7.563107e-03 7.161455e-03 -3.992301e-03
 -3.531955e-03 4.667376e-03 4.804028e-03 4.930941e-03 4.962524e-03 4.776171e-03 4.173076e-03 2.915346e-03 8.620928e-04 -1.801616e-03 -4.612730e-03 -7.751129e-03 -1.184782e-02 -1.613000e-02 -1.921829e-02 -2.023172e-02 -1.890391e-02 -1.554328e-02 -1.104285e-02 -6.724906e-03 -3.329292e-03 -3.598985e-04 2.351096e-03 4.439761e-03 5.764692e-03 6.458407e-03 6.731731e-03 6.752007e-03 6.601698e-03 6.248600e-03 -3.531955e-03
 -2.257799e-03 2.618631e-03 2.539758e-03 2.703191e-03 2.967207e-03 3.188227e-03 3.097251e-03 2.285634e-03 3.493359e-04 -2.671313e-03 -6.052037e-03 -9.977081e-03 -1.541581e-02 -2.098995e-02 -2.486459e-02 -2.607867e-02 -2.437510e-02 -2.008113e-02 -1.421163e-02 -8.591508e-03 -4.512501e-03 -1.053537e-03 1.981283e-03 3.982995e-03 4.936922e-03 5.208825e-03 5.156699e-03 4.999496e-03 4.813970e-03 4.511394e-03 -2.257799e-03
 1.100202e-03 -5.115365e-04 -1.371612e-03 -1.466615e-03 -1.220056e-03 -7.714854e-04 -3.548788e-04 -4.056032e-04 -1.542873e-03 -4.080336e-03 -7.133863e-03 -1.082365e-02 -1.723550e-02 -2.416717e-02 -2.889914e-02 -3.022455e-02 -2.788544e-02 -2.233534e-02 -1.497642e-02 -8.651946e-03 -5.111433e-03 -1.967643e-03 6.465011e-04 1.935561e-03 2.223666e-03 2.070038e-03 1.843172e-03 1.700480e-03 1.637198e-03 1.405443e-03 1.100202e-03
 4.748175e-03 -5.898667e-03 -1.255975e-02 -1.441903e-02 -1.510159e-02 -1.537804e-02 -1.543205e-02 -1.530172e-02 -1.495610e-02 -1.425464e-02 -1.278170e-02 -9.767543e-03 -5.256114e-03 -1.801817e-03 -3.321237e-03 -1.056266e-02 -1.569218e-02 -1.485431e-02 -1.197545e-02 -9.773223e-03 -8.629439e-03 -8.225085e-03 -8.216829e-03 -8.371880e-03 -8.565154e-03 -8.745478e-03 -8.902377e-03 -9.038337e-03 -9.114413e-03 -8.701925e-03 4.748175e-03
 v  31 31 
 3.475597e-03 3.706477e-02 3.733825e-02 3.605744e-02 3.346655e-02 2.974981e-02 2.503563e-02 1.949944e-02 1.345243e-02 7.416724e-03 2.116028e-03 -1.721343e-03 -3.660986e-03 -3.625978e-03 -1.935143e-03 5.815553e-04 2.972119e-03 4.451166e-03 4.278102e-03 2.069849e-03 -2.065274e-03 -7.599895e-03 -1.378993e-02 -1.994219e-02 -2.556767e-02 -3.038406e-02 -3.424959e-02 -3.709581e-02 -3.887563e-02 -3.949688e-02 3.475597e-03
 -2.709275e-03 2.843573e-02 2.862301e-02 2.778338e-02 2.599886e-02 2.330890e-02 1.979330e-02 1.565481e-02 1.135705e-02 7.760024e-03 5.854207e-03 5.428146e-03 5.010611e-03 3.981263e-03 2.351457e-03 3.353715e-04 -1.725050e-03 -3.478073e-03 -4.693058e-03 -5.364466e-03 -6.057114e-03 -8.146548e-03 -1.197137e-02 -1.655279e-02 -2.097841e-02 -2.478517e-02 -2.782891e-02 -3.016754e-02 -3.213373e-02 -3.521846e-02 -2.709275e-03
 -7.686586e-03 1.856817e-02 1.945252e-02 1.938143e-02 1.855283e-02 1.703818e-02 1.493615e-02 1.244250e-02 9.921771e-03 7.920619e-03 6.893587e-03 6.490729e-03 5.760701e-03 4.370319e-03 2.453530e-03 2.398844e-04 -2.002616e-03 -4.003930e-03 -5.534332e-03 -6.464991e-03 -7.074682e-03 -8.226047e-03 -1.032001e-02 -1.294768e-02 -1.555860e-02 -1.779322e-02 -1.949394e-02 -2.065817e-02 -2.148920e-02 -2.320832e-02 -7.686586e-03
 -1.108384e-02 1.380309e-02 1.496975e-02 1.526264e-02 1.493251e-02 1.406610e-02 1.276036e-02 1.117170e-02 9.545893e-03 8.202050e-03 7.367694e-03 6.819317e-03 5.949509e-03 4.468212e-03 2.477560e-03 2.025859e-04 -2.097946e-03 -4.165184e-03 -5.776396e-03 -6.823547e-03 -7.534284e-03 -8.450133e-03 -9.824990e-03 -1.147332e-02 -1.309055e-02 -1.444245e-02 -1.539939e-02 -1.592671e-02 -1.611290e-02 -1.658828e-02 -1.108384e-02
 -1.294273e-02 1.171626e-02 1.296253e-02 1.340498e-02 1.330586e-02 1.276127e-02 1.186325e-02 1.073171e-02 9.523931e-03 8.418463e-03 7.535513e-03 6.774013e-03 5.788530e-03 4.317023e-03 2.377672e-03 1.604909e-04 -2.081782e-03 -4.096058e-03 -5.689034e-03 -6.818892e-03 -7.689803e-03 -8.615072e-03 -9.721849e-03 -1.092173e-02 -1.205279e-02 -1.297003e-02 -1.357364e-02 -1.381576e-02 -1.372520e-02 -1.366007e-02 -1.294273e-02
 -1.338862e-02 1.095169e-02 1.222078e-02 1.271660e-02 1.270348e-02 1.228796e-02 1.155882e-02 1.060871e-02 9.537074e-03 8.441743e-03 7.389679e-03 6.360377e-03 5.216082e-03 3.794145e-03 2.049502e-03 8.776459e-05 -1.896370e-03 -3.704498e-03 -5.216283e-03 -6.445834e-03 -7.523785e-03 -8.584337e-03 -9.668111e-03 -1.072757e-02 -1.167663e-02 -1.242543e-02 -1.289649e-02 -1.303465e-02 -1.283088e-02 -1.250808e-02 -1.338862e-02
 -1.245573e-02 1.086923e-02 1.217148e-02 1.267340e-02 1.265147e-02 1.223057e-02 1.150303e-02 1.054763e-02 9.434353e-03 8.224811e-03 6.967608e-03 5.686959e-03 4.372426e-03 2.989980e-03 1.518276e-03 -2.137478e-05 -1.569781e-03 -3.063125e-03 -4.467929e-03 -5.792565e-03 -7.067002e-03 -8.308944e-03 -9.505242e-03 -1.061543e-02 -1.158299e-02 -1.234355e-02 -1.282960e-02 -1.297600e-02 -1.273945e-02 -1.225658e-02 -1.245573e-02
 -1.015710e-02 1.123103e-02 1.258574e-02 1.304256e-02 1.291901e-02 1.237422e-02 1.151620e-02 1.042648e-02 9.172398e-03 7.815717e-03 6.416745e-03 5.029751e-03 3.688830e-03 2.396443e-03 1.133054e-03 -1.172138e-04 -1.356191e-03 -2.588292e-03 -3.836121e-03 -5.128392e-03 -6.472751e-03 -7.843616e-03 -9.191246e-03 -1.045614e-02 -1.157628e-02 -1.248631e-02 -1.311298e-02 -1.337165e-02 -1.317612e-02 -1.258364e-02 -1.015710e-02
 -6.697991e-03 1.216838e-02 1.350687e-02 1.379334e-02 1.342820e-02 1.262334e-02 1.151690e-02 1.021169e-02 8.795749e-03 7.351546e-03 5.952300e-03 4.643674e-03 3.422137e-03 2.239507e-03 1.047297e-03 -1.592567e-04 -1.344820e-03 -2.479797e-03 -3.584584e-03 -4.727815e-03 -5.974891e-03 -7.339176e-03 -8.777701e-03 -1.021556e-02 -1.156763e-02 -1.274571e-02 -1.365335e-02 -1.417426e-02 -1.416781e-02 -1.360438e-02 -6.697991e-03
 -2.680134e-03 1.415241e-02 1.519831e-02 1.504690e-02 1.420952e-02 1.296185e-02 1.148914e-02 9.935429e-03 8.415184e-03 7.004612e-03 5.730169e-03 4.565944e-03 3.445482e-03 2.296312e-03 1.084781e-03 -1.653852e-04 -1.393721e-03 -2.545008e-03 -3.610832e-03 -4.646405e-03 -5.743474e-03 -6.979136e-03 -8.382619e-03 -9.927616e-03 -1.153725e-02 -1.309751e-02 -1.447038e-02 -1.549281e-02 -1.596584e-02 -1.577952e-02 -2.680134e-03
 9.885237e-04 1.763031e-02 1.794361e-02 1.697928e-02 1.535341e-02 1.342122e-02 1.145812e-02 9.673444e-03 8.161693e-03 6.890242e-03 5.761624e-03 4.679070e-03 3.568827e-03 2.387875e-03 1.133721e-03 -1.574406e-04 -1.428577e-03 -2.627490e-03 -3.732057e-03 -4.764557e-03 -5.785359e-03 -6.876703e-03 -8.137476e-03 -9.668045e-03 -1.150712e-02 -1.356631e-02 -1.564328e-02 -1.748416e-02 -1.881566e-02 -1.945463e-02 9.885237e-04
 3.594086e-03 2.241237e-02 2.171111e-02 1.965349e-02 1.693360e-02 1.404202e-02 1.146529e-02 9.511765e-03 8.119305e-03 7.008549e-03 5.955116e-03 4.859745e-03 3.693789e-03 2.456936e-03 1.166642e-03 -1.447505e-04 -1.437903e-03 -2.678590e-03 -3.848602e-03 -4.948855e-03 -5.994077e-03 -7.017680e-03 -8.117064e-03 -9.518325e-03 -1.151449e-02 -1.418574e-02 -1.723205e-02 -2.017975e-02 -2.261184e-02 -2.424022e-02 3.594086e-03
 4.921724e-03 2.762554e-02 2.599246e-02 2.285065e-02 1.889759e-02 1.482205e-02 1.153993e-02 9.500862e-03 8.276842e-03 7.269469e-03 6.202856e-03 5.032302e-03 3.784686e-03 2.492341e-03 1.180729e-03 -1.297399e-04 -1.423068e-03 -2.689241e-03 -3.923207e-03 -5.117113e-03 -6.250144e-03 -7.296775e-03 -8.295897e-03 -9.520214e-03 -1.158385e-02 -1.494733e-02 -1.916975e-02 -2.332896e-02 -2.678798e-02 -2.917546e-02 4.921724e-03
 4.745271e-03 3.237792e-02 3.000368e-02 2.602453e-02 2.096115e-02 1.566086e-02 1.167225e-02 9.617173e-03 8.537100e-03 7.557054e-03 6.423756e-03 5.157823e-03 3.829349e-03 2.492793e-03 1.176992e-03 -1.118393e-04 -1.384123e-03 -2.657597e-03 -3.943198e-03 -5.228757e-03 -6.468117e-03 -7.589796e-03 -8.565450e-03 -9.641016e-03 -1.170250e-02 -1.574821e-02 -2.116438e-02 -2.637837e-02 -3.057700e-02 -3.349923e-02 4.745271e-03
 2.371882e-03 3.594053e-02 3.295033e-02 2.843753e-02 2.260767e-02 1.634323e-02 1.180422e-02 9.766016e-03 8.770194e-03 7.773092e-03 6.565871e-03 5.216359e-03 3.823388e-03 2.459129e-03 1.157438e-03 -8.884422e-05 -1.319850e-03 -2.584059e-03 -3.906302e-03 -5.266792e-03 -6.597999e-03 -7.798096e-03 -8.792193e-03 -9.781552e-03 -1.181404e-02 -1.637864e-02 -2.270642e-02 -2.861305e-02 -3.323696e-02 -3.653713e-02 2.371882e-03
 -1.867378e-03 3.750681e-02 3.416382e-02 2.942428e-02 2.328677e-02 1.662020e-02 1.185844e-02 9.836596e-03 8.869224e-03 7.852536e-03 6.599819e-03 5.200448e-03 3.770971e-03 2.400033e-03 1.130007e-03 -5.785955e-05 -1.235539e-03 -2.481066e-03 -3.825004e-03 -5.233014e-03 -6.618411e-03 -7.862901e-03 -8.873872e-03 -9.834592e-03 -1.184790e-02 -1.660398e-02 -2.326869e-02 -2.940174e-02 -3.413445e-02 -3.747531e-02 -1.867378e-03
 -5.314094e-03 3.662212e-02 3.332745e-02 2.868066e-02 2.273427e-02 1.637031e-02 1.179595e-02 9.774463e-03 8.787355e-03 7.769317e-03 6.517739e-03 5.117517e-03 3.692409e-03 2.342555e-03 1.115760e-03 -1.827279e-05 -1.155157e-03 -2.385963e-03 -3.733808e-03 -5.148933e-03 -6.534042e-03 -7.769690e-03 -8.775274e-03 -9.756947e-03 -1.177461e-02 -1.631974e-02 -2.261845e-02 -2.847621e-02 -3.299015e-02 -3.595589e-02 -5.314094e-03
 -6.431397e-03 3.356888e-02 3.064664e-02 2.641671e-02 2.115244e-02 1.569544e-02 1.165032e-02 9.619195e-03 8.554781e-03 7.541378e-03 6.334870e-03 4.989129e-03 3.620064e-03 2.324358e-03 1.139494e-03 2.383741e-05 -1.113421e-03 -2.342820e-03 -3.670574e-03 -5.043029e-03 -6.369253e-03 -7.548007e-03 -8.540520e-03 -9.601278e-03 -1.163390e-02 -1.563651e-02 -2.098313e-02 -2.608241e-02 -3.005532e-02 -3.237222e-02 -6.431397e-03
 -5.888377e-03 2.911003e-02 2.673237e-02 2.326181e-02 1.907851e-02 1.484282e-02 1.150005e-02 9.479146e-03 8.272681e-03 7.231741e-03 6.086960e-03 4.838553e-03 3.571406e-03 2.354651e-03 1.198287e-03 5.911004e-05 -1.116142e-03 -2.352716e-03 -3.638087e-03 -4.927905e-03 -6.156652e-03 -7.264625e-03 -8.278439e-03 -9.481039e-03 -1.150176e-02 -1.479579e-02 -1.890345e-02 -2.287368e-02 -2.598622e-02 -2.752578e-02 -5.888377e-03
 -4.316757e-03 2.398999e-02 2.240377e-02 1.999752e-02 1.706773e-02 1.404444e-02 1.141179e-02 9.460914e-03 8.079191e-03 6.942675e-03 5.827438e-03 4.680782e-03 3.532124e-03 2.399737e-03 1.260897e-03 8.435161e-05 -1.134315e-03 -2.373780e-03 -3.605123e-03 -4.800771e-03 -5.936960e-03 -7.015037e-03 -8.122201e-03 -9.494391e-03 -1.143392e-02 -1.401366e-02 -1.691371e-02 -1.962458e-02 -2.163288e-02 -2.222971e-02 -4.316757e-03
 -1.681339e-03 1.910328e-02 1.853430e-02 1.725419e-02 1.545780e-02 1.342361e-02 1.140775e-02 9.606266e-03 8.089403e-03 6.797867e-03 5.632383e-03 4.534043e-03 3.476371e-03 2.416517e-03 1.298129e-03 1.019701e-04 -1.137392e-03 -2.364741e-03 -3.543296e-03 -4.670600e-03 -5.774053e-03 -6.909736e-03 -8.170800e-03 -9.665824e-03 -1.143897e-02 -1.339684e-02 -1.532164e-02 -1.692592e-02 -1.784269e-02 -1.745194e-02 -1.681339e-03
 1.944603e-03 1.546314e-02 1.573568e-02 1.531599e-02 1.433635e-02 1.299999e-02 1.146981e-02 9.879311e-03 8.333063e-03 6.897812e-03 5.602727e-03 4.449023e-03 3.402690e-03 2.380820e-03 1.292844e-03 1.132490e-04 -1.109668e-03 -2.309775e-03 -3.460050e-03 -4.590240e-03 -5.762665e-03 -7.035209e-03 -8.435348e-03 -9.943759e-03 -1.148852e-02 -1.295427e-02 -1.419303e-02 -1.501496e-02 -1.514058e-02 -1.406402e-02 1.944603e-03
 5.883694e-03 1.344536e-02 1.410035e-02 1.414335e-02 1.364095e-02 1.274168e-02 1.156331e-02 1.020006e-02 8.735652e-03 7.252011e-03 5.829861e-03 4.535115e-03 3.385679e-03 2.323224e-03 1.249511e-03 1.118151e-04 -1.069674e-03 -2.255397e-03 -3.444352e-03 -4.677167e-03 -5.992892e-03 -7.391508e-03 -8.830523e-03 -1.024131e-02 -1.154374e-02 -1.264990e-02 -1.345599e-02 -1.382272e-02 -1.353778e-02 -1.221138e-02 5.883694e-03
 9.257396e-03 1.266256e-02 1.334674e-02 1.355489e-02 1.327981e-02 1.262025e-02 1.166588e-02 1.049158e-02 9.163267e-03 7.745962e-03 6.309334e-03 4.922404e-03 3.630498e-03 2.427514e-03 1.260946e-03 7.757600e-05 -1.143551e-03 -2.403874e-03 -3.708634e-03 -5.064342e-03 -6.460817e-03 -7.864065e-03 -9.223862e-03 -1.048346e-02 -1.158274e-02 -1.245443e-02 -1.301627e-02 -1.315921e-02 -1.272422e-02 -1.140698e-02 9.257396e-03
 1.153123e-02 1.261384e-02 1.319224e-02 1.341970e-02 1.322039e-02 1.265406e-02 1.179505e-02 1.071793e-02 9.495154e-03 8.196632e-03 6.883894e-03 5.590808e-03 4.300231e-03 2.955596e-03 1.516396e-03 -4.397498e-07 -1.531453e-03 -3.009411e-03 -4.402781e-03 -5.725917e-03 -7.012860e-03 -8.278903e-03 -9.503948e-03 -1.064027e-02 -1.162474e-02 -1.238484e-02 -1.283910e-02 -1.289301e-02 -1.242205e-02 -1.116609e-02 1.153123e-02
 1.260015e-02 1.316329e-02 1.359458e-02 1.377232e-02 1.354583e-02 1.294394e-02 1.203513e-02 1.091029e-02 9.677485e-03 8.452469e-03 7.323542e-03 6.269988e-03 5.115848e-03 3.669138e-03 1.896033e-03 -7.648623e-05 -2.042676e-03 -3.802325e-03 -5.240913e-03 -6.393671e-03 -7.427297e-03 -8.495665e-03 -9.626552e-03 -1.074810e-02 -1.175397e-02 -1.253731e-02 -1.300035e-02 -1.305197e-02 -1.258779e-02 -1.136524e-02 1.260015e-02
 1.259542e-02 1.462851e-02 1.482447e-02 1.487301e-02 1.450499e-02 1.371591e-02 1.257148e-02 1.119126e-02 9.748788e-03 8.455109e-03 7.467003e-03 6.666898e-03 5.634927e-03 4.098212e-03 2.110063e-03 -1.215487e-04 -2.340261e-03 -4.293341e-03 -5.785923e-03 -6.783946e-03 -7.549525e-03 -8.462209e-03 -9.635334e-03 -1.093116e-02 -1.215164e-02 -1.312705e-02 -1.373153e-02 -1.387250e-02 -1.345972e-02 -1.226126e-02 1.259542e-02
 1.173332e-02 1.787938e-02 1.756211e-02 1.731084e-02 1.661169e-02 1.540853e-02 1.375981e-02 1.182030e-02 9.859086e-03 8.245326e-03 7.269073e-03 6.676722e-03 5.743029e-03 4.182193e-03 2.137820e-03 -1.519572e-04 -2.426242e-03 -4.426335e-03 -5.922634e-03 -6.793203e-03 -7.332904e-03 -8.218211e-03 -9.679404e-03 -1.144366e-02 -1.316000e-02 -1.456829e-02 -1.550830e-02 -1.588620e-02 -1.562599e-02 -1.452080e-02 1.173332e-02
 1.034360e-02 2.478926e-02 2.324988e-02 2.231696e-02 2.092516e-02 1.891564e-02 1.632193e-02 1.333007e-02 1.033218e-02 7.943653e-03 6.723349e-03 6.292543e-03 5.501508e-03 4.021930e-03 2.042373e-03 -1.896041e-04 -2.401609e-03 -4.323995e-03 -5.716285e-03 -6.407183e-03 -6.758124e-03 -7.875376e-03 -1.007011e-02 -1.279193e-02 -1.545740e-02 -1.769258e-02 -1.930288e-02 -2.019709e-02 -2.032067e-02 -1.954446e-02 1.034360e-02
 8.500998e-03 3.690400e-02 3.399732e-02 3.189363e-02 2.928902e-02 2.590296e-02 2.171120e-02 1.688416e-02 1.190478e-02 7.724162e-03 5.520490e-03 5.106134e-03 4.635933e-03 3.483312e-03 1.756870e-03 -2.886061e-04 -2.298615e-03 -3.927045e-03 -4.931886e-03 -5.204999e-03 -5.484778e-03 -7.593468e-03 -1.150601e-02 -1.608377e-02 -2.045278e-02 -2.415322e-02 -2.698869e-02 -2.889073e-02 -2.984789e-02 -2.990996e-02 8.500998e-03
 3.475597e-03 3.706477e-02 3.733825e-02 3.605744e-02 3.346655e-02 2.974981e-02 2.503563e-02 1.949944e-02 1.345243e-02 7.416724e-03 2.116028e-03 -1.721343e-03 -3.660986e-03 -3.625978e-03 -1.935143e-03 5.815553e-04 2.972119e-03 4.451166e-03 4.278102e-03 2.069849e-03 -2.065274e-03 -7.599895e-03 -1.378993e-02 -1.994219e-02 -2.556767e-02 -3.038406e-02 -3.424959e-02 -3.709581e-02 -3.887563e-02 -3.949688e-02 3.475597e-03
