 x  31 31 
 -1.950969e-01 -1.820904e-01 -1.690839e-01 -1.560775e-01 -1.430710e-01 -1.300646e-01 -1.170581e-01 -1.040517e-01 -9.104520e-02 -7.803874e-02 -6.503229e-02 -5.202583e-02 -3.901937e-02 -2.601291e-02 -1.300646e-02 0.000000e+00 1.300646e-02 2.601291e-02 3.901937e-02 5.202583e-02 6.503229e-02 7.803874e-02 9.104520e-02 1.040517e-01 1.170581e-01 1.300646e-01 1.430710e-01 1.560775e-01 1.690839e-01 1.820904e-01 1.950969e-01
 -1.950969e-01 -1.820904e-01 -1.690839e-01 -1.560775e-01 -1.430710e-01 -1.300646e-01 -1.170581e-01 -1.040517e-01 -9.104520e-02 -7.803874e-02 -6.503229e-02 -5.202583e-02 -3.901937e-02 -2.601291e-02 -1.300646e-02 0.000000e+00 1.300646e-02 2.601291e-02 3.901937e-02 5.202583e-02 6.503229e-02 7.803874e-02 9.104520e-02 1.040517e-01 1.170581e-01 1.300646e-01 1.430710e-01 1.560775e-01 1.690839e-01 1.820904e-01 1.950969e-01
 -1.950969e-01 -1.820904e-01 -1.690839e-01 -1.560775e-01 -1.430710e-01 -1.300646e-01 -1.170581e-01 -1.040517e-01 -9.104520e-02 -7.803874e-02 -6.503229e-02 -5.202583e-02 -3.901937e-02 -2.601291e-02 -1.300646e-02 0.000000e+00 1.300646e-02 2.601291e-02 3.901937e-02 5.202583e-02 6.503229e-02 7.803874e-02 9.104520e-02 1.040517e-01 1.170581e-01 1.300646e-01 1.430710e-01 1.560775e-01 1.690839e-01 1.820904e-01 1.950969e-01
 -1.950969e-01 -1.820904e-01 -1.690839e-01 -1.560775e-01 -1.430710e-01 -1.300646e-01 -1.170581e-01 -1.040517e-01 -9.104520e-02 -7.803874e-02 -6.503229e-02 -5.202583e-02 -3.901937e-02 -2.601291e-02 -1.300646e-02 0.000000e+00 1.300646e-02 2.601291e-02 3.901937e-02 5.202583e-02 6.503229e-02 7.803874e-02 9.104520e-02 1.040517e-01 1.170581e-01 1.300646e-01 1.430710e-01 1.560775e-01 1.690839e-01 1.820904e-01 1.950969e-01
 -1.950969e-01 -1.820904e-01 -1.690839e-01 -1.560775e-01 -1.430710e-01 -1.300646e-01 -1.170581e-01 -1.040517e-01 -9.104520e-02 -7.803874e-02 -6.503229e-02 -5.202583e-02 -3.901937e-02 -2.601291e-02 -1.300646e-02 0.000000e+00 1.300646e-02 2.601291e-02 3.901937e-02 5.202583e-02 6.503229e-02 7.803874e-02 9.104520e-02 1.040517e-01 1.170581e-01 1.300646e-01 1.430710e-01 1.560775e-01 1.690839e-01 1.820904e-01 1.950969e-01
 -1.950969e-01 -1.820904e-01 -1.690839e-01 -1.560775e-01 -1.430710e-01 -1.300646e-01 -1.170581e-01 -1.040517e-01 -9.104520e-02 -7.803874e-02 -6.503229e-02 -5.202583e-02 -3.901937e-02 -2.601291e-02 -1.300646e-02 0.000000e+00 1.300646e-02 2.601291e-02 3.901937e-02 5.202583e-02 6.503229e-02 7.803874e-02 9.104520e-02 1.040517e-01 1.170581e-01 1.300646e-01 1.430710e-01 1.560775e-01 1.690839e-01 1.820904e-01 1.950969e-01
 -1.950969e-01 -1.820904e-01 -1.690839e-01 -1.560775e-01 -1.430710e-01 -1.300646e-01 -1.170581e-01 -1.040517e-01 -9.104520e-02 -7.803874e-02 -6.503229e-02 -5.202583e-02 -3.901937e-02 -2.601291e-02 -1.300646e-02 0.000000e+00 1.300646e-02 2.601291e-02 3.901937e-02 5.202583e-02 6.503229e-02 7.803874e-02 9.104520e-02 1.040517e-01 1.170581e-01 1.300646e-01 1.430710e-01 1.560775e-01 1.690839e-01 1.820904e-01 1.950969e-01
 -1.950969e-01 -1.820904e-01 -1.690839e-01 -1.560775e-01 -1.430710e-01 -1.300646e-01 -1.170581e-01 -1.040517e-01 -9.104520e-02 -7.803874e-02 -6.503229e-02 -5.202583e-02 -3.901937e-02 -2.601291e-02 -1.300646e-02 0.000000e+00 1.300646e-02 2.601291e-02 3.901937e-02 5.202583e-02 6.503229e-02 7.803874e-02 9.104520e-02 1.040517e-01 1.170581e-01 1.300646e-01 1.430710e-01 1.560775e-01 1.690839e-01 1.820904e-01 1.950969e-01
 -1.950969e-01 -1.820904e-01 -1.690839e-01 -1.560775e-01 -1.430710e-01 -1.300646e-01 -1.170581e-01 -1.040517e-01 -9.104520e-02 -7.803874e-02 -6.503229e-02 -5.202583e-02 -3.901937e-02 -2.601291e-02 -1.300646e-02 0.000000e+00 1.300646e-02 2.601291e-02 3.901937e-02 5.202583e-02 6.503229e-02 7.803874e-02 9.104520e-02 1.040517e-01 1.170581e-01 1.300646e-01 1.430710e-01 1.560775e-01 1.690839e-01 1.820904e-01 1.950969e-01
 -1.950969e-01 -1.820904e-01 -1.690839e-01 -1.560775e-01 -1.430710e-01 -1.300646e-01 -1.170581e-01 -1.040517e-01 -9.104520e-02 -7.803874e-02 -6.503229e-02 -5.202583e-02 -3.901937e-02 -2.601291e-02 -1.300646e-02 0.000000e+00 1.300646e-02 2.601291e-02 3.901937e-02 5.202583e-02 6.503229e-02 7.803874e-02 9.104520e-02 1.040517e-01 1.170581e-01 1.300646e-01 1.430710e-01 1.560775e-01 1.690839e-01 1.820904e-01 1.950969e-01
 -1.950969e-01 -1.820904e-01 -1.690839e-01 -1.560775e-01 -1.430710e-01 -1.300646e-01 -1.170581e-01 -1.040517e-01 -9.104520e-02 -7.803874e-02 -6.503229e-02 -5.202583e-02 -3.901937e-02 -2.601291e-02 -1.300646e-02 0.000000e+00 1.300646e-02 2.601291e-02 3.901937e-02 5.202583e-02 6.503229e-02 7.803874e-02 9.104520e-02 1.040517e-01 1.170581e-01 1.300646e-01 1.430710e-01 1.560775e-01 1.690839e-01 1.820904e-01 1.950969e-01
 -1.950969e-01 -1.820904e-01 -1.690839e-01 -1.560775e-01 -1.430710e-01 -1.300646e-01 -1.170581e-01 -1.040517e-01 -9.104520e-02 -7.803874e-02 -6.503229e-02 -5.202583e-02 -3.901937e-02 -2.601291e-02 -1.300646e-02 0.000000e+00 1.300646e-02 2.601291e-02 3.901937e-02 5.202583e-02 6.503229e-02 7.803874e-02 9.104520e-02 1.040517e-01 1.170581e-01 1.300646e-01 1.430710e-01 1.560775e-01 1.690839e-01 1.820904e-01 1.950969e-01
 -1.950969e-01 -1.820904e-01 -1.690839e-01 -1.560775e-01 -1.430710e-01 -1.300646e-01 -1.170581e-01 -1.040517e-01 -9.104520e-02 -7.803874e-02 -6.503229e-02 -5.202583e-02 -3.901937e-02 -2.601291e-02 -1.300646e-02 0.000000e+00 1.300646e-02 2.601291e-02 3.901937e-02 5.202583e-02 6.503229e-02 7.803874e-02 9.104520e-02 1.040517e-01 1.170581e-01 1.300646e-01 1.430710e-01 1.560775e-01 1.690839e-01 1.820904e-01 1.950969e-01
 -1.950969e-01 -1.820904e-01 -1.690839e-01 -1.560775e-01 -1.430710e-01 -1.300646e-01 -1.170581e-01 -1.040517e-01 -9.104520e-02 -7.803874e-02 -6.503229e-02 -5.202583e-02 -3.901937e-02 -2.601291e-02 -1.300646e-02 0.000000e+00 1.300646e-02 2.601291e-02 3.901937e-02 5.202583e-02 6.503229e-02 7.803874e-02 9.104520e-02 1.040517e-01 1.170581e-01 1.300646e-01 1.430710e-01 1.560775e-01 1.690839e-01 1.820904e-01 1.950969e-01
 -1.950969e-01 -1.820904e-01 -1.690839e-01 -1.560775e-01 -1.430710e-01 -1.300646e-01 -1.170581e-01 -1.040517e-01 -9.104520e-02 -7.803874e-02 -6.503229e-02 -5.202583e-02 -3.901937e-02 -2.601291e-02 -1.300646e-02 0.000000e+00 1.300646e-02 2.601291e-02 3.901937e-02 5.202583e-02 6.503229e-02 7.803874e-02 9.104520e-02 1.040517e-01 1.170581e-01 1.300646e-01 1.430710e-01 1.560775e-01 1.690839e-01 1.820904e-01 1.950969e-01
 -1.950969e-01 -1.820904e-01 -1.690839e-01 -1.560775e-01 -1.430710e-01 -1.300646e-01 -1.170581e-01 -1.040517e-01 -9.104520e-02 -7.803874e-02 -6.503229e-02 -5.202583e-02 -3.901937e-02 -2.601291e-02 -1.300646e-02 0.000000e+00 1.300646e-02 2.601291e-02 3.901937e-02 5.202583e-02 6.503229e-02 7.803874e-02 9.104520e-02 1.040517e-01 1.170581e-01 1.300646e-01 1.430710e-01 1.560775e-01 1.690839e-01 1.820904e-01 1.950969e-01
 -1.950969e-01 -1.820904e-01 -1.690839e-01 -1.560775e-01 -1.430710e-01 -1.300646e-01 -1.170581e-01 -1.040517e-01 -9.104520e-02 -7.803874e-02 -6.503229e-02 -5.202583e-02 -3.901937e-02 -2.601291e-02 -1.300646e-02 0.000000e+00 1.300646e-02 2.601291e-02 3.901937e-02 5.202583e-02 6.503229e-02 7.803874e-02 9.104520e-02 1.040517e-01 1.170581e-01 1.300646e-01 1.430710e-01 1.560775e-01 1.690839e-01 1.820904e-01 1.950969e-01
 -1.950969e-01 -1.820904e-01 -1.690839e-01 -1.560775e-01 -1.430710e-01 -1.300646e-01 -1.170581e-01 -1.040517e-01 -9.104520e-02 -7.803874e-02 -6.503229e-02 -5.202583e-02 -3.901937e-02 -2.601291e-02 -1.300646e-02 0.000000e+00 1.300646e-02 2.601291e-02 3.901937e-02 5.202583e-02 6.503229e-02 7.803874e-02 9.104520e-02 1.040517e-01 1.170581e-01 1.300646e-01 1.430710e-01 1.560775e-01 1.690839e-01 1.820904e-01 1.950969e-01
 -1.950969e-01 -1.820904e-01 -1.690839e-01 -1.560775e-01 -1.430710e-01 -1.300646e-01 -1.170581e-01 -1.040517e-01 -9.104520e-02 -7.803874e-02 -6.503229e-02 -5.202583e-02 -3.901937e-02 -2.601291e-02 -1.300646e-02 0.000000e+00 1.300646e-02 2.601291e-02 3.901937e-02 5.202583e-02 6.503229e-02 7.803874e-02 9.104520e-02 1.040517e-01 1.170581e-01 1.300646e-01 1.430710e-01 1.560775e-01 1.690839e-01 1.820904e-01 1.950969e-01
 -1.950969e-01 -1.820904e-01 -1.690839e-01 -1.560775e-01 -1.430710e-01 -1.300646e-01 -1.170581e-01 -1.040517e-01 -9.104520e-02 -7.803874e-02 -6.503229e-02 -5.202583e-02 -3.901937e-02 -2.601291e-02 -1.300646e-02 0.000000e+00 1.300646e-02 2.601291e-02 3.901937e-02 5.202583e-02 6.503229e-02 7.803874e-02 9.104520e-02 1.040517e-01 1.170581e-01 1.300646e-01 1.430710e-01 1.560775e-01 1.690839e-01 1.820904e-01 1.950969e-01
 -1.950969e-01 -1.820904e-01 -1.690839e-01 -1.560775e-01 -1.430710e-01 -1.300646e-01 -1.170581e-01 -1.040517e-01 -9.104520e-02 -7.803874e-02 -6.503229e-02 -5.202583e-02 -3.901937e-02 -2.601291e-02 -1.300646e-02 0.000000e+00 1.300646e-02 2.601291e-02 3.901937e-02 5.202583e-02 6.503229e-02 7.803874e-02 9.104520e-02 1.040517e-01 1.170581e-01 1.300646e-01 1.430710e-01 1.560775e-01 1.690839e-01 1.820904e-01 1.950969e-01
 -1.950969e-01 -1.820904e-01 -1.690839e-01 -1.560775e-01 -1.430710e-01 -1.300646e-01 -1.170581e-01 -1.040517e-01 -9.104520e-02 -7.803874e-02 -6.503229e-02 -5.202583e-02 -3.901937e-02 -2.601291e-02 -1.300646e-02 0.000000e+00 1.300646e-02 2.601291e-02 3.901937e-02 5.202583e-02 6.503229e-02 7.803874e-02 9.104520e-02 1.040517e-01 1.170581e-01 1.300646e-01 1.430710e-01 1.560775e-01 1.690839e-01 1.820904e-01 1.950969e-01
 -1.950969e-01 -1.820904e-01 -1.690839e-01 -1.560775e-01 -1.430710e-01 -1.300646e-01 -1.170581e-01 -1.040517e-01 -9.104520e-02 -7.803874e-02 -6.503229e-02 -5.202583e-02 -3.901937e-02 -2.601291e-02 -1.300646e-02 0.000000e+00 1.300646e-02 2.601291e-02 3.901937e-02 5.202583e-02 6.503229e-02 7.803874e-02 9.104520e-02 1.040517e-01 1.170581e-01 1.300646e-01 1.430710e-01 1.560775e-01 1.690839e-01 1.820904e-01 1.950969e-01
 -1.950969e-01 -1.820904e-01 -1.690839e-01 -1.560775e-01 -1.430710e-01 -1.300646e-01 -1.170581e-01 -1.040517e-01 -9.104520e-02 -7.803874e-02 -6.503229e-02 -5.202583e-02 -3.901937e-02 -2.601291e-02 -1.300646e-02 0.000000e+00 1.300646e-02 2.601291e-02 3.901937e-02 5.202583e-02 6.503229e-02 7.803874e-02 9.104520e-02 1.040517e-01 1.170581e-01 1.300646e-01 1.430710e-01 1.560775e-01 1.690839e-01 1.820904e-01 1.950969e-01
 -1.950969e-01 -1.820904e-01 -1.690839e-01 -1.560775e-01 -1.430710e-01 -1.300646e-01 -1.170581e-01 -1.040517e-01 -9.104520e-02 -7.803874e-02 -6.503229e-02 -5.202583e-02 -3.901937e-02 -2.601291e-02 -1.300646e-02 0.000000e+00 1.300646e-02 2.601291e-02 3.901937e-02 5.202583e-02 6.503229e-02 7.803874e-02 9.104520e-02 1.040517e-01 1.170581e-01 1.300646e-01 1.430710e-01 1.560775e-01 1.690839e-01 1.820904e-01 1.950969e-01
 -1.950969e-01 -1.820904e-01 -1.690839e-01 -1.560775e-01 -1.430710e-01 -1.300646e-01 -1.170581e-01 -1.040517e-01 -9.104520e-02 -7.803874e-02 -6.503229e-02 -5.202583e-02 -3.901937e-02 -2.601291e-02 -1.300646e-02 0.000000e+00 1.300646e-02 2.601291e-02 3.901937e-02 5.202583e-02 6.503229e-02 7.803874e-02 9.104520e-02 1.040517e-01 1.170581e-01 1.300646e-01 1.430710e-01 1.560775e-01 1.690839e-01 1.820904e-01 1.950969e-01
 -1.950969e-01 -1.820904e-01 -1.690839e-01 -1.560775e-01 -1.430710e-01 -1.300646e-01 -1.170581e-01 -1.040517e-01 -9.104520e-02 -7.803874e-02 -6.503229e-02 -5.202583e-02 -3.901937e-02 -2.601291e-02 -1.300646e-02 0.000000e+00 1.300646e-02 2.601291e-02 3.901937e-02 5.202583e-02 6.503229e-02 7.803874e-02 9.104520e-02 1.040517e-01 1.170581e-01 1.300646e-01 1.430710e-01 1.560775e-01 1.690839e-01 1.820904e-01 1.950969e-01
 -1.950969e-01 -1.820904e-01 -1.690839e-01 -1.560775e-01 -1.430710e-01 -1.300646e-01 -1.170581e-01 -1.040517e-01 -9.104520e-02 -7.803874e-02 -6.503229e-02 -5.202583e-02 -3.901937e-02 -2.601291e-02 -1.300646e-02 0.000000e+00 1.300646e-02 2.601291e-02 3.901937e-02 5.202583e-02 6.503229e-02 7.803874e-02 9.104520e-02 1.040517e-01 1.170581e-01 1.300646e-01 1.430710e-01 1.560775e-01 1.690839e-01 1.820904e-01 1.950969e-01
 -1.950969e-01 -1.820904e-01 -1.690839e-01 -1.560775e-01 -1.430710e-01 -1.300646e-01 -1.170581e-01 -1.040517e-01 -9.104520e-02 -7.803874e-02 -6.503229e-02 -5.202583e-02 -3.901937e-02 -2.601291e-02 -1.300646e-02 0.000000e+00 1.300646e-02 2.601291e-02 3.901937e-02 5.202583e-02 6.503229e-02 7.803874e-02 9.104520e-02 1.040517e-01 1.170581e-01 1.300646e-01 1.430710e-01 1.560775e-01 1.690839e-01 1.820904e-01 1.950969e-01
 -1.950969e-01 -1.820904e-01 -1.690839e-01 -1.560775e-01 -1.430710e-01 -1.300646e-01 -1.170581e-01 -1.040517e-01 -9.104520e-02 -7.803874e-02 -6.503229e-02 -5.202583e-02 -3.901937e-02 -2.601291e-02 -1.300646e-02 0.000000e+00 1.300646e-02 2.601291e-02 3.901937e-02 5.202583e-02 6.503229e-02 7.803874e-02 9.104520e-02 1.040517e-01 1.170581e-01 1.300646e-01 1.430710e-01 1.560775e-01 1.690839e-01 1.820904e-01 1.950969e-01
 -1.950969e-01 -1.820904e-01 -1.690839e-01 -1.560775e-01 -1.430710e-01 -1.300646e-01 -1.170581e-01 -1.040517e-01 -9.104520e-02 -7.803874e-02 -6.503229e-02 -5.202583e-02 -3.901937e-02 -2.601291e-02 -1.300646e-02 0.000000e+00 1.300646e-02 2.601291e-02 3.901937e-02 5.202583e-02 6.503229e-02 7.803874e-02 9.104520e-02 1.040517e-01 1.170581e-01 1.300646e-01 1.430710e-01 1.560775e-01 1.690839e-01 1.820904e-01 1.950969e-01
 y  31 31 
 -1.840612e-01 -1.840612e-01 -1.840612e-01 -1.840612e-01 -1.840612e-01 -1.840612e-01 -1.840612e-01 -1.840612e-01 -1.840612e-01 -1.840612e-01 -1.840612e-01 -1.840612e-01 -1.840612e-01 -1.840612e-01 -1.840612e-01 -1.840612e-01 -1.840612e-01 -1.840612e-01 -1.840612e-01 -1.840612e-01 -1.840612e-01 -1.840612e-01 -1.840612e-01 -1.840612e-01 -1.840612e-01 -1.840612e-01 -1.840612e-01 -1.840612e-01 -1.840612e-01 -1.840612e-01 -1.840612e-01
 -1.717905e-01 -1.717905e-01 -1.717905e-01 -1.717905e-01 -1.717905e-01 -1.717905e-01 -1.717905e-01 -1.717905e-01 -1.717905e-01 -1.717905e-01 -1.717905e-01 -1.717905e-01 -1.717905e-01 -1.717905e-01 -1.717905e-01 -1.717905e-01 -1.717905e-01 -1.717905e-01 -1.717905e-01 -1.717905e-01 -1.717905e-01 -1.717905e-01 -1.717905e-01 -1.717905e-01 -1.717905e-01 -1.717905e-01 -1.717905e-01 -1.717905e-01 -1.717905e-01 -1.717905e-01 -1.717905e-01
 -1.595197e-01 -1.595197e-01 -1.595197e-01 -1.595197e-01 -1.595197e-01 -1.595197e-01 -1.595197e-01 -1.595197e-01 -1.595197e-01 -1.595197e-01 -1.595197e-01 -1.595197e-01 -1.595197e-01 -1.595197e-01 -1.595197e-01 -1.595197e-01 -1.595197e-01 -1.595197e-01 -1.595197e-01 -1.595197e-01 -1.595197e-01 -1.595197e-01 -1.595197e-01 -1.595197e-01 -1.595197e-01 -1.595197e-01 -1.595197e-01 -1.595197e-01 -1.595197e-01 -1.595197e-01 -1.595197e-01
 -1.472490e-01 -1.472490e-01 -1.472490e-01 -1.472490e-01 -1.472490e-01 -1.472490e-01 -1.472490e-01 -1.472490e-01 -1.472490e-01 -1.472490e-01 -1.472490e-01 -1.472490e-01 -1.472490e-01 -1.472490e-01 -1.472490e-01 -1.472490e-01 -1.472490e-01 -1.472490e-01 -1.472490e-01 -1.472490e-01 -1.472490e-01 -1.472490e-01 -1.472490e-01 -1.472490e-01 -1.472490e-01 -1.472490e-01 -1.472490e-01 -1.472490e-01 -1.472490e-01 -1.472490e-01 -1.472490e-01
 -1.349782e-01 -1.349782e-01 -1.349782e-01 -1.349782e-01 -1.349782e-01 -1.349782e-01 -1.349782e-01 -1.349782e-01 -1.349782e-01 -1.349782e-01 -1.349782e-01 -1.349782e-01 -1.349782e-01 -1.349782e-01 -1.349782e-01 -1.349782e-01 -1.349782e-01 -1.349782e-01 -1.349782e-01 -1.349782e-01 -1.349782e-01 -1.349782e-01 -1.349782e-01 -1.349782e-01 -1.349782e-01 -1.349782e-01 -1.349782e-01 -1.349782e-01 -1.349782e-01 -1.349782e-01 -1.349782e-01
 -1.227075e-01 -1.227075e-01 -1.227075e-01 -1.227075e-01 -1.227075e-01 -1.227075e-01 -1.227075e-01 -1.227075e-01 -1.227075e-01 -1.227075e-01 -1.227075e-01 -1.227075e-01 -1.227075e-01 -1.227075e-01 -1.227075e-01 -1.227075e-01 -1.227075e-01 -1.227075e-01 -1.227075e-01 -1.227075e-01 -1.227075e-01 -1.227075e-01 -1.227075e-01 -1.227075e-01 -1.227075e-01 -1.227075e-01 -1.227075e-01 -1.227075e-01 -1.227075e-01 -1.227075e-01 -1.227075e-01
 -1.104367e-01 -1.104367e-01 -1.104367e-01 -1.104367e-01 -1.104367e-01 -1.104367e-01 -1.104367e-01 -1.104367e-01 -1.104367e-01 -1.104367e-01 -1.104367e-01 -1.104367e-01 -1.104367e-01 -1.104367e-01 -1.104367e-01 -1.104367e-01 -1.104367e-01 -1.104367e-01 -1.104367e-01 -1.104367e-01 -1.104367e-01 -1.104367e-01 -1.104367e-01 -1.104367e-01 -1.104367e-01 -1.104367e-01 -1.104367e-01 -1.104367e-01 -1.104367e-01 -1.104367e-01 -1.104367e-01
 -9.816598e-02 -9.816598e-02 -9.816598e-02 -9.816598e-02 -9.816598e-02 -9.816598e-02 -9.816598e-02 -9.816598e-02 -9.816598e-02 -9.816598e-02 -9.816598e-02 -9.816598e-02 -9.816598e-02 -9.816598e-02 -9.816598e-02 -9.816598e-02 -9.816598e-02 -9.816598e-02 -9.816598e-02 -9.816598e-02 -9.816598e-02 -9.816598e-02 -9.816598e-02 -9.816598e-02 -9.816598e-02 -9.816598e-02 -9.816598e-02 -9.816598e-02 -9.816598e-02 -9.816598e-02 -9.816598e-02
 -8.589524e-02 -8.589524e-02 -8.589524e-02 -8.589524e-02 -8.589524e-02 -8.589524e-02 -8.589524e-02 -8.589524e-02 -8.589524e-02 -8.589524e-02 -8.589524e-02 -8.589524e-02 -8.589524e-02 -8.589524e-02 -8.589524e-02 -8.589524e-02 -8.589524e-02 -8.589524e-02 -8.589524e-02 -8.589524e-02 -8.589524e-02 -8.589524e-02 -8.589524e-02 -8.589524e-02 -8.589524e-02 -8.589524e-02 -8.589524e-02 -8.589524e-02 -8.589524e-02 -8.589524e-02 -8.589524e-02
 -7.362449e-02 -7.362449e-02 -7.362449e-02 -7.362449e-02 -7.362449e-02 -7.362449e-02 -7.362449e-02 -7.362449e-02 -7.362449e-02 -7.362449e-02 -7.362449e-02 -7.362449e-02 -7.362449e-02 -7.362449e-02 -7.362449e-02 -7.362449e-02 -7.362449e-02 -7.362449e-02 -7.362449e-02 -7.362449e-02 -7.362449e-02 -7.362449e-02 -7.362449e-02 -7.362449e-02 -7.362449e-02 -7.362449e-02 -7.362449e-02 -7.362449e-02 -7.362449e-02 -7.362449e-02 -7.362449e-02
 -6.135374e-02 -6.135374e-02 -6.135374e-02 -6.135374e-02 -6.135374e-02 -6.135374e-02 -6.135374e-02 -6.135374e-02 -6.135374e-02 -6.135374e-02 -6.135374e-02 -6.135374e-02 -6.135374e-02 -6.135374e-02 -6.135374e-02 -6.135374e-02 -6.135374e-02 -6.135374e-02 -6.135374e-02 -6.135374e-02 -6.135374e-02 -6.135374e-02 -6.135374e-02 -6.135374e-02 -6.135374e-02 -6.135374e-02 -6.135374e-02 -6.135374e-02 -6.135374e-02 -6.135374e-02 -6.135374e-02
 -4.908299e-02 -4.908299e-02 -4.908299e-02 -4.908299e-02 -4.908299e-02 -4.908299e-02 -4.908299e-02 -4.908299e-02 -4.908299e-02 -4.908299e-02 -4.908299e-02 -4.908299e-02 -4.908299e-02 -4.908299e-02 -4.908299e-02 -4.908299e-02 -4.908299e-02 -4.908299e-02 -4.908299e-02 -4.908299e-02 -4.908299e-02 -4.908299e-02 -4.908299e-02 -4.908299e-02 -4.908299e-02 -4.908299e-02 -4.908299e-02 -4.908299e-02 -4.908299e-02 -4.908299e-02 -4.908299e-02
 -3.681224e-02 -3.681224e-02 -3.681224e-02 -3.681224e-02 -3.681224e-02 -3.681224e-02 -3.681224e-02 -3.681224e-02 -3.681224e-02 -3.681224e-02 -3.681224e-02 -3.681224e-02 -3.681224e-02 -3.681224e-02 -3.681224e-02 -3.681224e-02 -3.681224e-02 -3.681224e-02 -3.681224e-02 -3.681224e-02 -3.681224e-02 -3.681224e-02 -3.681224e-02 -3.681224e-02 -3.681224e-02 -3.681224e-02 -3.681224e-02 -3.681224e-02 -3.681224e-02 -3.681224e-02 -3.681224e-02
 -2.454150e-02 -2.454150e-02 -2.454150e-02 -2.454150e-02 -2.454150e-02 -2.454150e-02 -2.454150e-02 -2.454150e-02 -2.454150e-02 -2.454150e-02 -2.454150e-02 -2.454150e-02 -2.454150e-02 -2.454150e-02 -2.454150e-02 -2.454150e-02 -2.454150e-02 -2.454150e-02 -2.454150e-02 -2.454150e-02 -2.454150e-02 -2.454150e-02 -2.454150e-02 -2.454150e-02 -2.454150e-02 -2.454150e-02 -2.454150e-02 -2.454150e-02 -2.454150e-02 -2.454150e-02 -2.454150e-02
 -1.227075e-02 -1.227075e-02 -1.227075e-02 -1.227075e-02 -1.227075e-02 -1.227075e-02 -1.227075e-02 -1.227075e-02 -1.227075e-02 -1.227075e-02 -1.227075e-02 -1.227075e-02 -1.227075e-02 -1.227075e-02 -1.227075e-02 -1.227075e-02 -1.227075e-02 -1.227075e-02 -1.227075e-02 -1.227075e-02 -1.227075e-02 -1.227075e-02 -1.227075e-02 -1.227075e-02 -1.227075e-02 -1.227075e-02 -1.227075e-02 -1.227075e-02 -1.227075e-02 -1.227075e-02 -1.227075e-02
 0.000000e+00 0.000000e+00 0.000000e+00 0.000000e+00 0.000000e+00 0.000000e+00 0.000000e+00 0.000000e+00 0.000000e+00 0.000000e+00 0.000000e+00 0.000000e+00 0.000000e+00 0.000000e+00 0.000000e+00 0.000000e+00 0.000000e+00 0.000000e+00 0.000000e+00 0.000000e+00 0.000000e+00 0.000000e+00 0.000000e+00 0.000000e+00 0.000000e+00 0.000000e+00 0.000000e+00 0.000000e+00 0.000000e+00 0.000000e+00 0.000000e+00
 1.227075e-02 1.227075e-02 1.227075e-02 1.227075e-02 1.227075e-02 1.227075e-02 1.227075e-02 1.227075e-02 1.227075e-02 1.227075e-02 1.227075e-02 1.227075e-02 1.227075e-02 1.227075e-02 1.227075e-02 1.227075e-02 1.227075e-02 1.227075e-02 1.227075e-02 1.227075e-02 1.227075e-02 1.227075e-02 1.227075e-02 1.227075e-02 1.227075e-02 1.227075e-02 1.227075e-02 1.227075e-02 1.227075e-02 1.227075e-02 1.227075e-02
 2.454150e-02 2.454150e-02 2.454150e-02 2.454150e-02 2.454150e-02 2.454150e-02 2.454150e-02 2.454150e-02 2.454150e-02 2.454150e-02 2.454150e-02 2.454150e-02 2.454150e-02 2.454150e-02 2.454150e-02 2.454150e-02 2.454150e-02 2.454150e-02 2.454150e-02 2.454150e-02 2.454150e-02 2.454150e-02 2.454150e-02 2.454150e-02 2.454150e-02 2.454150e-02 2.454150e-02 2.454150e-02 2.454150e-02 2.454150e-02 2.454150e-02
 3.681224e-02 3.681224e-02 3.681224e-02 3.681224e-02 3.681224e-02 3.681224e-02 3.681224e-02 3.681224e-02 3.681224e-02 3.681224e-02 3.681224e-02 3.681224e-02 3.681224e-02 3.681224e-02 3.681224e-02 3.681224e-02 3.681224e-02 3.681224e-02 3.681224e-02 3.681224e-02 3.681224e-02 3.681224e-02 3.681224e-02 3.681224e-02 3.681224e-02 3.681224e-02 3.681224e-02 3.681224e-02 3.681224e-02 3.681224e-02 3.681224e-02
 4.908299e-02 4.908299e-02 4.908299e-02 4.908299e-02 4.908299e-02 4.908299e-02 4.908299e-02 4.908299e-02 4.908299e-02 4.908299e-02 4.908299e-02 4.908299e-02 4.908299e-02 4.908299e-02 4.908299e-02 4.908299e-02 4.908299e-02 4.908299e-02 4.908299e-02 4.908299e-02 4.908299e-02 4.908299e-02 4.908299e-02 4.908299e-02 4.908299e-02 4.908299e-02 4.908299e-02 4.908299e-02 4.908299e-02 4.908299e-02 4.908299e-02
 6.135374e-02 6.135374e-02 6.135374e-02 6.135374e-02 6.135374e-02 6.135374e-02 6.135374e-02 6.135374e-02 6.135374e-02 6.135374e-02 6.135374e-02 6.135374e-02 6.135374e-02 6.135374e-02 6.135374e-02 6.135374e-02 6.135374e-02 6.135374e-02 6.135374e-02 6.135374e-02 6.135374e-02 6.135374e-02 6.135374e-02 6.135374e-02 6.135374e-02 6.135374e-02 6.135374e-02 6.135374e-02 6.135374e-02 6.135374e-02 6.135374e-02
 7.362449e-02 7.362449e-02 7.362449e-02 7.362449e-02 7.362449e-02 7.362449e-02 7.362449e-02 7.362449e-02 7.362449e-02 7.362449e-02 7.362449e-02 7.362449e-02 7.362449e-02 7.362449e-02 7.362449e-02 7.362449e-02 7.362449e-02 7.362449e-02 7.362449e-02 7.362449e-02 7.362449e-02 7.362449e-02 7.362449e-02 7.362449e-02 7.362449e-02 7.362449e-02 7.362449e-02 7.362449e-02 7.362449e-02 7.362449e-02 7.362449e-02
 8.589524e-02 8.589524e-02 8.589524e-02 8.589524e-02 8.589524e-02 8.589524e-02 8.589524e-02 8.589524e-02 8.589524e-02 8.589524e-02 8.589524e-02 8.589524e-02 8.589524e-02 8.589524e-02 8.589524e-02 8.589524e-02 8.589524e-02 8.589524e-02 8.589524e-02 8.589524e-02 8.589524e-02 8.589524e-02 8.589524e-02 8.589524e-02 8.589524e-02 8.589524e-02 8.589524e-02 8.589524e-02 8.589524e-02 8.589524e-02 8.589524e-02
 9.816598e-02 9.816598e-02 9.816598e-02 9.816598e-02 9.816598e-02 9.816598e-02 9.816598e-02 9.816598e-02 9.816598e-02 9.816598e-02 9.816598e-02 9.816598e-02 9.816598e-02 9.816598e-02 9.816598e-02 9.816598e-02 9.816598e-02 9.816598e-02 9.816598e-02 9.816598e-02 9.816598e-02 9.816598e-02 9.816598e-02 9.816598e-02 9.816598e-02 9.816598e-02 9.816598e-02 9.816598e-02 9.816598e-02 9.816598e-02 9.816598e-02
 1.104367e-01 1.104367e-01 1.104367e-01 1.104367e-01 1.104367e-01 1.104367e-01 1.104367e-01 1.104367e-01 1.104367e-01 1.104367e-01 1.104367e-01 1.104367e-01 1.104367e-01 1.104367e-01 1.104367e-01 1.104367e-01 1.104367e-01 1.104367e-01 1.104367e-01 1.104367e-01 1.104367e-01 1.104367e-01 1.104367e-01 1.104367e-01 1.104367e-01 1.104367e-01 1.104367e-01 1.104367e-01 1.104367e-01 1.104367e-01 1.104367e-01
 1.227075e-01 1.227075e-01 1.227075e-01 1.227075e-01 1.227075e-01 1.227075e-01 1.227075e-01 1.227075e-01 1.227075e-01 1.227075e-01 1.227075e-01 1.227075e-01 1.227075e-01 1.227075e-01 1.227075e-01 1.227075e-01 1.227075e-01 1.227075e-01 1.227075e-01 1.227075e-01 1.227075e-01 1.227075e-01 1.227075e-01 1.227075e-01 1.227075e-01 1.227075e-01 1.227075e-01 1.227075e-01 1.227075e-01 1.227075e-01 1.227075e-01
 1.349782e-01 1.349782e-01 1.349782e-01 1.349782e-01 1.349782e-01 1.349782e-01 1.349782e-01 1.349782e-01 1.349782e-01 1.349782e-01 1.349782e-01 1.349782e-01 1.349782e-01 1.349782e-01 1.349782e-01 1.349782e-01 1.349782e-01 1.349782e-01 1.349782e-01 1.349782e-01 1.349782e-01 1.349782e-01 1.349782e-01 1.349782e-01 1.349782e-01 1.349782e-01 1.349782e-01 1.349782e-01 1.349782e-01 1.349782e-01 1.349782e-01
 1.472490e-01 1.472490e-01 1.472490e-01 1.472490e-01 1.472490e-01 1.472490e-01 1.472490e-01 1.472490e-01 1.472490e-01 1.472490e-01 1.472490e-01 1.472490e-01 1.472490e-01 1.472490e-01 1.472490e-01 1.472490e-01 1.472490e-01 1.472490e-01 1.472490e-01 1.472490e-01 1.472490e-01 1.472490e-01 1.472490e-01 1.472490e-01 1.472490e-01 1.472490e-01 1.472490e-01 1.472490e-01 1.472490e-01 1.472490e-01 1.472490e-01
 1.595197e-01 1.595197e-01 1.595197e-01 1.595197e-01 1.595197e-01 1.595197e-01 1.595197e-01 1.595197e-01 1.595197e-01 1.595197e-01 1.595197e-01 1.595197e-01 1.595197e-01 1.595197e-01 1.595197e-01 1.595197e-01 1.595197e-01 1.595197e-01 1.595197e-01 1.595197e-01 1.595197e-01 1.595197e-01 1.595197e-01 1.595197e-01 1.595197e-01 1.595197e-01 1.595197e-01 1.595197e-01 1.595197e-01 1.595197e-01 1.595197e-01
 1.717905e-01 1.717905e-01 1.717905e-01 1.717905e-01 1.717905e-01 1.717905e-01 1.717905e-01 1.717905e-01 1.717905e-01 1.717905e-01 1.717905e-01 1.717905e-01 1.717905e-01 1.717905e-01 1.717905e-01 1.717905e-01 1.717905e-01 1.717905e-01 1.717905e-01 1.717905e-01 1.717905e-01 1.717905e-01 1.717905e-01 1.717905e-01 1.717905e-01 1.717905e-01 1.717905e-01 1.717905e-01 1.717905e-01 1.717905e-01 1.717905e-01
 1.840612e-01 1.840612e-01 1.840612e-01 1.840612e-01 1.840612e-01 1.840612e-01 1.840612e-01 1.840612e-01 1.840612e-01 1.840612e-01 1.840612e-01 1.840612e-01 1.840612e-01 1.840612e-01 1.840612e-01 1.840612e-01 1.840612e-01 1.840612e-01 1.840612e-01 1.840612e-01 1.840612e-01 1.840612e-01 1.840612e-01 1.840612e-01 1.840612e-01 1.840612e-01 1.840612e-01 1.840612e-01 1.840612e-01 1.840612e-01 1.840612e-01
 u  31 31 
 3.199824e-02 1.336086e-02 5.661475e-03 2.290091e-03 1.945449e-04 -1.390986e-03 -2.735235e-03 -3.953835e-03 -5.101652e-03 -6.202592e-03 -7.257822e-03 -8.242431e-03 -9.092571e-03 -9.687288e-03 -9.846439e-03 -9.392755e-03 -8.291161e-03 -6.729145e-03 -5.001859e-03 -3.338387e-03 -1.846632e-03 -5.503689e-04 5.645203e-04 1.523413e-03 2.352360e-03 3.076632e-03 3.727501e-03 4.373773e-03 5.305420e-03 8.917724e-03 3.199824e-02
 3.182078e-02 -1.349980e-02 -2.746441e-02 -3.089039e-02 -3.113309e-02 -2.983282e-02 -2.752790e-02 -2.443825e-02 -2.066000e-02 -1.622922e-02 -1.115698e-02 -5.484978e-03 5.749756e-04 6.360544e-03 1.056119e-02 1.187038e-02 1.024632e-02 6.790300e-03 2.603462e-03 -1.676711e-03 -5.754690e-03 -9.499697e-03 -1.284692e-02 -1.575323e-02 -1.817639e-02 -2.005825e-02 -2.129153e-02 -2.161143e-02 -2.009644e-02 -1.133741e-02 3.182078e-02
 3.079078e-02 -3.064771e-02 -4.280200e-02 -4.471349e-02 -4.373344e-02 -4.121676e-02 -3.753154e-02 -3.276707e-02 -2.688437e-02 -1.974381e-02 -1.109741e-02 -6.151700e-04 1.180968e-02 2.474885e-02 3.320635e-02 3.252508e-02 2.538185e-02 1.647913e-02 7.946764e-03 3.307442e-04 -6.306476e-03 -1.200535e-02 -1.681197e-02 -2.075779e-02 -2.385448e-02 -2.608383e-02 -2.736405e-02 -2.743399e-02 -2.535766e-02 -1.608780e-02 3.079078e-02
 2.892483e-02 -3.244899e-02 -3.997597e-02 -4.082003e-02 -3.975745e-02 -3.750505e-02 -3.417279e-02 -2.969276e-02 -2.389108e-02 -1.646864e-02 -6.923787e-03 5.577152e-03 2.217340e-02 4.244951e-02 5.674837e-02 5.211113e-02 3.775647e-02 2.385348e-02 1.234942e-02 2.986637e-03 -4.645452e-03 -1.084101e-02 -1.579720e-02 -1.964991e-02 -2.249317e-02 -2.438088e-02 -2.530237e-02 -2.508725e-02 -2.300590e-02 -1.510864e-02 2.892483e-02
 2.625420e-02 -2.915407e-02 -3.354110e-02 -3.376850e-02 -3.273204e-02 -3.076276e-02 -2.782273e-02 -2.375460e-02 -1.830780e-02 -1.109441e-02 -1.471351e-03 1.170866e-02 3.047528e-02 5.667433e-02 7.895772e-02 7.030965e-02 4.823333e-02 3.001035e-02 1.639057e-02 6.007838e-03 -2.059706e-03 -8.352318e-03 -1.320469e-02 -1.684223e-02 -1.942528e-02 -2.106357e-02 -2.180305e-02 -2.155362e-02 -1.977816e-02 -1.344466e-02 2.625420e-02
 2.283466e-02 -2.587359e-02 -2.834209e-02 -2.810595e-02 -2.696714e-02 -2.505033e-02 -2.224056e-02 -1.833357e-02 -1.303785e-02 -5.918128e-03 3.741918e-03 1.725160e-02 3.715540e-02 6.722862e-02 9.784207e-02 8.685742e-02 5.750837e-02 3.555487e-02 2.024141e-02 9.080439e-03 6.809126e-04 -5.709945e-03 -1.053843e-02 -1.409752e-02 -1.659429e-02 -1.817609e-02 -1.892752e-02 -1.881675e-02 -1.745180e-02 -1.247173e-02 2.283466e-02
 1.875691e-02 -2.390733e-02 -2.511982e-02 -2.445172e-02 -2.308312e-02 -2.102644e-02 -1.812447e-02 -1.414601e-02 -8.774781e-03 -1.546521e-03 8.298533e-03 2.215894e-02 4.285079e-02 7.532099e-02 1.127090e-01 1.015052e-01 6.598638e-02 4.076756e-02 2.393590e-02 1.202418e-02 3.236064e-03 -3.360847e-03 -8.303709e-03 -1.193804e-02 -1.450570e-02 -1.618131e-02 -1.707719e-02 -1.720394e-02 -1.627619e-02 -1.241955e-02 1.875691e-02
 1.415570e-02 -2.338502e-02 -2.367955e-02 -2.255911e-02 -2.085330e-02 -1.851215e-02 -1.535312e-02 -1.112688e-02 -5.499023e-03 2.016695e-03 1.221227e-02 2.654578e-02 4.798303e-02 8.206246e-02 1.240579e-01 1.140459e-01 7.380316e-02 4.573928e-02 2.747439e-02 1.477665e-02 5.512477e-03 -1.402299e-03 -6.581040e-03 -1.041264e-02 -1.316729e-02 -1.504151e-02 -1.616941e-02 -1.659395e-02 -1.610954e-02 -1.320213e-02 1.415570e-02
 9.214684e-03 -2.416314e-02 -2.370070e-02 -2.207644e-02 -1.993380e-02 -1.718848e-02 -1.364136e-02 -9.029019e-03 -3.001797e-03 4.945964e-03 1.563511e-02 3.057318e-02 5.281973e-02 8.814655e-02 1.328330e-01 1.243535e-01 8.088972e-02 5.043876e-02 3.083706e-02 1.733308e-02 7.527669e-03 2.110924e-04 -5.293837e-03 -9.412265e-03 -1.243809e-02 -1.458613e-02 -1.600844e-02 -1.677374e-02 -1.673806e-02 -1.466218e-02 9.214684e-03
 4.162701e-03 -2.611332e-02 -2.494945e-02 -2.273973e-02 -2.005211e-02 -1.678580e-02 -1.273021e-02 -7.610328e-03 -1.062840e-03 7.436472e-03 1.873782e-02 3.439849e-02 5.755166e-02 9.399274e-02 1.399094e-01 1.323677e-01 8.702027e-02 5.473054e-02 3.396117e-02 1.968713e-02 9.321863e-03 1.558857e-03 -4.329569e-03 -8.797082e-03 -1.215604e-02 -1.463566e-02 -1.640232e-02 -1.754540e-02 -1.796997e-02 -1.665328e-02 4.162701e-03
 -7.434366e-04 -2.927080e-02 -2.738477e-02 -2.446346e-02 -2.109147e-02 -1.716599e-02 -1.246911e-02 -6.716127e-03 4.689724e-04 9.629965e-03 2.165112e-02 3.814951e-02 6.233861e-02 9.991675e-02 1.459476e-01 1.379969e-01 9.180931e-02 5.835185e-02 3.669867e-02 2.177466e-02 1.089370e-02 2.687303e-03 -3.606223e-03 -8.459312e-03 -1.219588e-02 -1.505410e-02 -1.721004e-02 -1.876873e-02 -1.967503e-02 -1.908236e-02 -7.434366e-04
 -5.253459e-03 -3.403407e-02 -3.133095e-02 -2.748867e-02 -2.321898e-02 -1.843486e-02 -1.291579e-02 -6.368828e-03 1.595735e-03 1.154608e-02 2.441272e-02 4.189773e-02 6.733451e-02 1.062541e-01 1.513736e-01 1.408937e-01 9.460922e-02 6.082661e-02 3.873760e-02 2.340045e-02 1.213132e-02 3.545085e-03 -3.131775e-03 -8.377466e-03 -1.251818e-02 -1.579354e-02 -1.838288e-02 -2.040086e-02 -2.182438e-02 -2.195534e-02 -5.253459e-03
 -9.176870e-03 -4.163293e-02 -3.791826e-02 -3.276802e-02 -2.721589e-02 -2.122432e-02 -1.457857e-02 -6.978056e-03 1.985233e-03 1.291595e-02 2.681654e-02 4.552717e-02 7.259682e-02 1.133259e-01 1.560563e-01 1.398759e-01 9.417071e-02 6.122154e-02 3.941385e-02 2.408781e-02 1.268788e-02 3.876461e-03 -3.098682e-03 -8.702198e-03 -1.324917e-02 -1.696995e-02 -2.003781e-02 -2.256894e-02 -2.456464e-02 -2.545601e-02 -9.176870e-03
 -1.245181e-02 -5.517130e-02 -5.003344e-02 -4.283282e-02 -3.526541e-02 -2.741252e-02 -1.909089e-02 -1.000100e-02 2.858817e-04 1.242528e-02 2.752666e-02 4.764810e-02 7.670895e-02 1.195591e-01 1.564203e-01 1.309567e-01 8.757380e-02 5.739979e-02 3.714896e-02 2.264708e-02 1.164506e-02 2.952535e-03 -4.105930e-03 -9.947568e-03 -1.485286e-02 -1.902431e-02 -2.261334e-02 -2.572405e-02 -2.837128e-02 -3.009645e-02 -1.245181e-02
 -1.521893e-02 -7.476281e-02 -6.627092e-02 -5.694252e-02 -4.759152e-02 -3.818297e-02 -2.860753e-02 -1.866747e-02 -8.032151e-03 3.852483e-03 1.796208e-02 3.612257e-02 6.173141e-02 9.802740e-02 1.235318e-01 9.953453e-02 6.647832e-02 4.341699e-02 2.747831e-02 1.567618e-02 6.385675e-03 -1.266664e-03 -7.778303e-03 -1.345168e-02 -1.848220e-02 -2.300277e-02 -2.710589e-02 -3.084983e-02 -3.423020e-02 -3.681634e-02 -1.521893e-02
 -1.787756e-02 -5.900562e-02 -4.933795e-02 -4.314387e-02 -3.782803e-02 -3.289909e-02 -2.823166e-02 -2.379006e-02 -1.955372e-02 -1.548730e-02 -1.152060e-02 -7.524357e-03 -3.273960e-03 1.551763e-03 6.783474e-03 9.166516e-03 6.096464e-03 1.582161e-03 -2.537873e-03 -6.299635e-03 -9.921658e-03 -1.355465e-02 -1.728537e-02 -2.115446e-02 -2.516705e-02 -2.929795e-02 -3.349263e-02 -3.765835e-02 -4.159888e-02 -4.426775e-02 -1.787756e-02
 -2.108161e-02 -3.306686e-02 -2.811789e-02 -2.537175e-02 -2.346218e-02 -2.217323e-02 -2.149175e-02 -2.147688e-02 -2.223694e-02 -2.393959e-02 -2.685025e-02 -3.141897e-02 -3.846857e-02 -4.958456e-02 -6.757481e-02 -9.264541e-02 -9.903969e-02 -7.488233e-02 -5.374291e-02 -4.090006e-02 -3.323714e-02 -2.872433e-02 -2.632238e-02 -2.548469e-02 -2.590082e-02 -2.737054e-02 -2.972744e-02 -3.275390e-02 -3.595295e-02 -3.711070e-02 -2.108161e-02
 -2.552114e-02 -2.027756e-02 -1.780680e-02 -1.679968e-02 -1.653815e-02 -1.693537e-02 -1.802914e-02 -1.991685e-02 -2.275318e-02 -2.677411e-02 -3.235390e-02 -4.012533e-02 -5.123775e-02 -6.790371e-02 -9.419371e-02 -1.321072e-01 -1.473344e-01 -1.110826e-01 -7.645786e-02 -5.481044e-02 -4.116262e-02 -3.215695e-02 -2.608123e-02 -2.203899e-02 -1.953060e-02 -1.825912e-02 -1.803149e-02 -1.868485e-02 -1.994377e-02 -2.066859e-02 -2.552114e-02
 -3.058433e-02 -1.296173e-02 -1.179478e-02 -1.177341e-02 -1.244735e-02 -1.378189e-02 -1.583333e-02 -1.871157e-02 -2.258690e-02 -2.772044e-02 -3.452882e-02 -4.371644e-02 -5.655133e-02 -7.541758e-02 -1.044071e-01 -1.438257e-01 -1.560755e-01 -1.176650e-01 -8.106785e-02 -5.747157e-02 -4.211418e-02 -3.158547e-02 -2.409054e-02 -1.866977e-02 -1.478051e-02 -1.209931e-02 -1.042545e-02 -9.627484e-03 -9.593203e-03 -1.006746e-02 -3.058433e-02
 -3.065090e-02 -7.500618e-03 -7.141677e-03 -7.760702e-03 -9.048683e-03 -1.099645e-02 -1.366644e-02 -1.717009e-02 -2.167950e-02 -2.746092e-02 -3.494215e-02 -4.484731e-02 -5.847045e-02 -7.819341e-02 -1.078488e-01 -1.463356e-01 -1.560731e-01 -1.180298e-01 -8.148938e-02 -5.735683e-02 -4.130577e-02 -3.004525e-02 -2.179965e-02 -1.560765e-02 -1.092310e-02 -7.421918e-03 -4.909091e-03 -3.276743e-03 -2.504949e-03 -2.832208e-03 -3.065090e-02
 -2.167353e-02 -2.508034e-03 -2.693224e-03 -3.758710e-03 -5.484445e-03 -7.875651e-03 -1.099567e-02 -1.495247e-02 -1.991289e-02 -2.613723e-02 -3.404638e-02 -4.435349e-02 -5.832526e-02 -7.825388e-02 -1.076567e-01 -1.447293e-01 -1.535488e-01 -1.166795e-01 -8.040789e-02 -5.596011e-02 -3.943051e-02 -2.763983e-02 -1.884054e-02 -1.208101e-02 -6.821524e-03 -2.744946e-03 3.336938e-04 2.501394e-03 3.712599e-03 3.393760e-03 -2.167353e-02
 -1.041207e-02 2.559913e-03 2.012159e-03 6.337246e-04 -1.412260e-03 -4.139117e-03 -7.608743e-03 -1.192345e-02 -1.724131e-02 -2.381016e-02 -3.203216e-02 -4.258824e-02 -5.668000e-02 -7.644903e-02 -1.050678e-01 -1.405222e-01 -1.495103e-01 -1.143054e-01 -7.826638e-02 -5.347803e-02 -3.648324e-02 -2.420174e-02 -1.491089e-02 -7.669651e-03 -1.946067e-03 2.569424e-03 6.052399e-03 8.572198e-03 1.003015e-02 9.582117e-03 -1.041207e-02
 -6.315707e-04 7.877221e-03 7.118569e-03 5.534685e-03 3.260281e-03 2.789619e-04 -3.468669e-03 -8.078737e-03 -1.369900e-02 -2.056088e-02 -2.903935e-02 -3.976634e-02 -5.384635e-02 -7.321455e-02 -1.006451e-01 -1.341705e-01 -1.439128e-01 -1.109221e-01 -7.512034e-02 -4.991622e-02 -3.241250e-02 -1.963369e-02 -9.878639e-03 -2.213604e-03 3.888871e-03 8.734418e-03 1.249317e-02 1.522137e-02 1.677489e-02 1.606671e-02 -6.315707e-04
 7.445657e-03 1.342591e-02 1.259668e-02 1.090130e-02 8.476892e-03 5.309227e-03 1.341991e-03 -3.515047e-03 -9.398888e-03 -1.652186e-02 -2.522460e-02 -3.607462e-02 -5.004822e-02 -6.881535e-02 -9.466792e-02 -1.257535e-01 -1.363917e-01 -1.063663e-01 -7.096588e-02 -4.529147e-02 -2.723076e-02 -1.394679e-02 -3.758571e-03 4.266699e-03 1.065906e-02 1.572703e-02 1.964142e-02 2.245071e-02 2.397055e-02 2.288076e-02 7.445657e-03
 1.409823e-02 1.906862e-02 1.830084e-02 1.657634e-02 1.406926e-02 1.077372e-02 6.637253e-03 1.575128e-03 -4.538631e-03 -1.189457e-02 -2.079144e-02 -3.171563e-02 -4.548187e-02 -6.343158e-02 -8.727216e-02 -1.152083e-01 -1.264114e-01 -1.003272e-01 -6.578798e-02 -3.967638e-02 -2.104360e-02 -7.271355e-03 3.296184e-03 1.159929e-02 1.818039e-02 2.335955e-02 2.731503e-02 3.009228e-02 3.146918e-02 2.988886e-02 1.409823e-02
 1.954096e-02 2.456506e-02 2.397240e-02 2.228422e-02 1.974726e-02 1.637100e-02 1.210843e-02 6.880721e-03 5.742460e-04 -6.975494e-03 -1.601532e-02 -2.693041e-02 -4.033680e-02 -5.718374e-02 -7.850125e-02 -1.024429e-01 -1.133479e-01 -9.223802e-02 -5.951779e-02 -3.321066e-02 -1.407851e-02 1.112723e-04 1.096600e-02 1.943947e-02 2.609625e-02 3.127592e-02 3.516946e-02 3.782172e-02 3.897169e-02 3.680981e-02 1.954096e-02
 2.391107e-02 2.952587e-02 2.916914e-02 2.755047e-02 2.501411e-02 2.159056e-02 1.724072e-02 1.189409e-02 5.453508e-03 -2.211652e-03 -1.128196e-02 -2.201698e-02 -3.479588e-02 -5.012543e-02 -6.831935e-02 -8.741822e-02 -9.668259e-02 -8.113150e-02 -5.190122e-02 -2.610872e-02 -6.763034e-03 7.658944e-03 1.864061e-02 2.713968e-02 3.374556e-02 3.882011e-02 4.256771e-02 4.503140e-02 4.590696e-02 4.311018e-02 2.391107e-02
 2.729613e-02 3.324710e-02 3.303625e-02 3.145175e-02 2.891339e-02 2.546840e-02 2.108724e-02 1.571277e-02 9.272613e-03 1.682508e-03 -7.153876e-03 -1.734649e-02 -2.901183e-02 -4.220828e-02 -5.660864e-02 -7.022208e-02 -7.640530e-02 -6.580490e-02 -4.230102e-02 -1.869775e-02 3.655186e-05 1.422323e-02 2.501735e-02 3.331601e-02 3.971026e-02 4.457229e-02 4.811171e-02 5.036424e-02 5.098091e-02 4.761140e-02 2.729613e-02
 2.975190e-02 3.427899e-02 3.371034e-02 3.197781e-02 2.940021e-02 2.600030e-02 2.175006e-02 1.660981e-02 1.054151e-02 3.519075e-03 -4.459169e-03 -1.335133e-02 -2.303454e-02 -3.321216e-02 -4.316231e-02 -5.113037e-02 -5.350439e-02 -4.612711e-02 -2.999625e-02 -1.161347e-02 4.423440e-03 1.714550e-02 2.700907e-02 3.464337e-02 4.053933e-02 4.502688e-02 4.829343e-02 5.035929e-02 5.085635e-02 4.736815e-02 2.975190e-02
 3.131261e-02 2.948353e-02 2.701921e-02 2.470426e-02 2.210285e-02 1.905740e-02 1.549424e-02 1.137563e-02 6.689315e-03 1.451713e-03 -4.279999e-03 -1.038535e-02 -1.664006e-02 -2.264199e-02 -2.768661e-02 -3.063294e-02 -3.002883e-02 -2.497709e-02 -1.630207e-02 -6.188244e-03 3.476031e-03 1.183892e-02 1.876084e-02 2.437799e-02 2.887683e-02 3.241239e-02 3.507912e-02 3.687383e-02 3.754344e-02 3.566229e-02 3.131261e-02
 3.199824e-02 1.336086e-02 5.661475e-03 2.290091e-03 1.945449e-04 -1.390986e-03 -2.735235e-03 -3.953835e-03 -5.101652e-03 -6.202592e-03 -7.257822e-03 -8.242431e-03 -9.092571e-03 -9.687288e-03 -9.846439e-03 -9.392755e-03 -8.291161e-03 -6.729145e-03 -5.001859e-03 -3.338387e-03 -1.846632e-03 -5.503689e-04 5.645203e-04 1.523413e-03 2.352360e-03 3.076632e-03 3.727501e-03 4.373773e-03 5.305420e-03 8.917724e-03 3.199824e-02
 v  31 31 
 -1.003978e-01 -5.007286e-02 -3.220380e-02 -2.480940e-02 -2.072133e-02 -1.802296e-02 -1.600070e-02 -1.432214e-02 -1.280150e-02 -1.131443e-02 -9.761059e-03 -8.048951e-03 -6.091652e-03 -3.831553e-03 -1.301192e-03 1.297377e-03 3.604201e-03 5.288620e-03 6.237229e-03 6.533792e-03 6.323833e-03 5.722998e-03 4.789314e-03 3.519880e-03 1.842341e-03 -4.206052e-04 -3.656780e-03 -8.791674e-03 -1.855294e-02 -4.455705e-02 -1.003978e-01
 -1.002156e-01 -4.670588e-02 -2.116236e-02 -8.758537e-03 -8.446850e-04 4.943803e-03 9.460790e-03 1.306370e-02 1.589569e-02 1.797030e-02 1.917911e-02 1.925493e-02 1.772742e-02 1.402178e-02 8.009708e-03 7.689905e-04 -5.905635e-03 -1.096391e-02 -1.437163e-02 -1.649680e-02 -1.771279e-02 -1.830498e-02 -1.848750e-02 -1.843968e-02 -1.834473e-02 -1.844086e-02 -1.912158e-02 -2.121084e-02 -2.698923e-02 -4.593012e-02 -1.002156e-01
 -9.965349e-02 -3.311680e-02 -6.031297e-03 7.403749e-03 1.653121e-02 2.361772e-02 2.945348e-02 3.436829e-02 3.849111e-02 4.180694e-02 4.410465e-02 4.477567e-02 4.235579e-02 3.412434e-02 1.840806e-02 1.076938e-04 -1.393833e-02 -2.257977e-02 -2.741637e-02 -2.987491e-02 -3.082616e-02 -3.078196e-02 -3.006359e-02 -2.890010e-02 -2.748964e-02 -2.605316e-02 -2.491684e-02 -2.471987e-02 -2.718369e-02 -3.971661e-02 -9.965349e-02
 -9.869974e-02 -2.136546e-02 2.074405e-03 1.404192e-02 2.266066e-02 2.973903e-02 3.589599e-02 4.139626e-02 4.635860e-02 5.080369e-02 5.461094e-02 5.730303e-02 5.729066e-02 4.982565e-02 2.780223e-02 -5.874166e-04 -1.966333e-02 -2.953892e-02 -3.422783e-02 -3.607664e-02 -3.625595e-02 -3.538687e-02 -3.383560e-02 -3.184681e-02 -2.961396e-02 -2.733172e-02 -2.526519e-02 -2.391286e-02 -2.460486e-02 -3.325693e-02 -9.869974e-02
 -9.732723e-02 -1.472076e-02 4.844900e-03 1.520008e-02 2.297097e-02 2.958598e-02 3.553333e-02 4.102563e-02 4.616558e-02 5.098913e-02 5.544625e-02 5.926064e-02 6.130483e-02 5.695800e-02 3.403873e-02 -1.231354e-03 -2.296241e-02 -3.273450e-02 -3.671515e-02 -3.779461e-02 -3.726195e-02 -3.576627e-02 -3.367766e-02 -3.123321e-02 -2.860901e-02 -2.597015e-02 -2.353095e-02 -2.168825e-02 -2.150583e-02 -2.783894e-02 -9.732723e-02
 -9.548960e-02 -1.127991e-02 5.252610e-03 1.426855e-02 2.121346e-02 2.725045e-02 3.277756e-02 3.796793e-02 4.290422e-02 4.761548e-02 5.206924e-02 5.608260e-02 5.887679e-02 5.676546e-02 3.618219e-02 -1.778942e-03 -2.419840e-02 -3.325975e-02 -3.648063e-02 -3.694796e-02 -3.594547e-02 -3.409935e-02 -3.175945e-02 -2.914395e-02 -2.640848e-02 -2.369232e-02 -2.117114e-02 -1.916912e-02 -1.856312e-02 -2.343518e-02 -9.548960e-02
 -9.311819e-02 -9.375993e-03 4.854894e-03 1.278580e-02 1.899217e-02 2.445043e-02 2.949381e-02 3.426380e-02 3.882228e-02 4.318263e-02 4.730544e-02 5.103423e-02 5.376209e-02 5.257349e-02 3.491792e-02 -2.233924e-03 -2.397780e-02 -3.215003e-02 -3.475578e-02 -3.483970e-02 -3.360986e-02 -3.164332e-02 -2.925956e-02 -2.665612e-02 -2.397143e-02 -2.132601e-02 -1.886842e-02 -1.687119e-02 -1.607569e-02 -1.998189e-02 -9.311819e-02
 -9.012150e-02 -7.950443e-03 4.517080e-03 1.156180e-02 1.712173e-02 2.203905e-02 2.659857e-02 3.091575e-02 3.503315e-02 3.894738e-02 4.260598e-02 4.585396e-02 4.815987e-02 4.709394e-02 3.177510e-02 -2.642044e-03 -2.298382e-02 -3.031779e-02 -3.249751e-02 -3.239839e-02 -3.112453e-02 -2.919547e-02 -2.689889e-02 -2.441402e-02 -2.186698e-02 -1.936633e-02 -1.704275e-02 -1.513224e-02 -1.427556e-02 -1.752359e-02 -9.012150e-02
 -8.638856e-02 -6.256677e-03 4.862307e-03 1.118441e-02 1.618796e-02 2.061931e-02 2.472714e-02 2.860587e-02 3.228174e-02 3.573722e-02 3.890820e-02 4.163449e-02 4.341359e-02 4.208746e-02 2.824426e-02 -3.078182e-03 -2.188885e-02 -2.856769e-02 -3.050171e-02 -3.036598e-02 -2.916470e-02 -2.736442e-02 -2.522451e-02 -2.290951e-02 -2.053746e-02 -1.821017e-02 -1.604731e-02 -1.425934e-02 -1.341166e-02 -1.620500e-02 -8.638856e-02
 -8.179818e-02 -3.633411e-03 6.502744e-03 1.225675e-02 1.680013e-02 2.081642e-02 2.452916e-02 2.801700e-02 3.129362e-02 3.433097e-02 3.705596e-02 3.929984e-02 4.055666e-02 3.876540e-02 2.544932e-02 -3.639011e-03 -2.133319e-02 -2.764962e-02 -2.951027e-02 -2.943949e-02 -2.837215e-02 -2.673713e-02 -2.477336e-02 -2.263525e-02 -2.043636e-02 -1.827556e-02 -1.626658e-02 -1.460274e-02 -1.379394e-02 -1.627143e-02 -8.179818e-02
 -7.623567e-02 7.062422e-04 1.025587e-02 1.561871e-02 1.982032e-02 2.351687e-02 2.691896e-02 3.009527e-02 3.305079e-02 3.574979e-02 3.811064e-02 3.994822e-02 4.071211e-02 3.823921e-02 2.424750e-02 -4.450115e-03 -2.196182e-02 -2.834649e-02 -3.032942e-02 -3.040619e-02 -2.949781e-02 -2.802207e-02 -2.621065e-02 -2.421481e-02 -2.214781e-02 -2.010911e-02 -1.821074e-02 -1.663611e-02 -1.585733e-02 -1.811107e-02 -7.623567e-02
 -6.962078e-02 8.034436e-03 1.755201e-02 2.277357e-02 2.680146e-02 3.031497e-02 3.352915e-02 3.651041e-02 3.925921e-02 4.173377e-02 4.384122e-02 4.536401e-02 4.563832e-02 4.208734e-02 2.554524e-02 -5.697949e-03 -2.453491e-02 -3.163177e-02 -3.401315e-02 -3.434018e-02 -3.360406e-02 -3.225191e-02 -3.052914e-02 -2.859527e-02 -2.657008e-02 -2.455842e-02 -2.267561e-02 -2.110307e-02 -2.029454e-02 -2.237592e-02 -6.962078e-02
 -6.195378e-02 2.102814e-02 3.152084e-02 3.703370e-02 4.115983e-02 4.469792e-02 4.790153e-02 5.085032e-02 5.354865e-02 5.595326e-02 5.795819e-02 5.928828e-02 5.903591e-02 5.357596e-02 3.089243e-02 -7.711313e-03 -3.018024e-02 -3.900004e-02 -4.223903e-02 -4.300277e-02 -4.247647e-02 -4.119790e-02 -3.945944e-02 -3.744811e-02 -3.530217e-02 -3.314047e-02 -3.108979e-02 -2.934137e-02 -2.835839e-02 -3.027428e-02 -6.195378e-02
 -5.339281e-02 4.640464e-02 6.002203e-02 6.672043e-02 7.146006e-02 7.536385e-02 7.880766e-02 8.193158e-02 8.477810e-02 8.733227e-02 8.949821e-02 9.092409e-02 9.018488e-02 8.094484e-02 4.370940e-02 -1.114555e-02 -4.098314e-02 -5.324475e-02 -5.819330e-02 -5.979030e-02 -5.960484e-02 -5.836317e-02 -5.645904e-02 -5.413967e-02 -5.158325e-02 -4.893883e-02 -4.636046e-02 -4.407169e-02 -4.259557e-02 -4.427535e-02 -5.339281e-02
 -4.438211e-02 9.304032e-02 1.097939e-01 1.188563e-01 1.255302e-01 1.308831e-01 1.353489e-01 1.391714e-01 1.425070e-01 1.454455e-01 1.479517e-01 1.495429e-01 1.477417e-01 1.307943e-01 6.661860e-02 -1.709277e-02 -6.121267e-02 -8.016679e-02 -8.842167e-02 -9.164661e-02 -9.214423e-02 -9.098677e-02 -8.874714e-02 -8.577507e-02 -8.231567e-02 -7.857091e-02 -7.474861e-02 -7.114683e-02 -6.844037e-02 -6.948108e-02 -4.438211e-02
 -3.586377e-02 9.843066e-02 1.047081e-01 1.115986e-01 1.182433e-01 1.243391e-01 1.297250e-01 1.342739e-01 1.378378e-01 1.401815e-01 1.408512e-01 1.388484e-01 1.317035e-01 1.126451e-01 6.445699e-02 -2.331764e-02 -9.497299e-02 -1.265061e-01 -1.386831e-01 -1.431104e-01 -1.439556e-01 -1.427950e-01 -1.403012e-01 -1.368014e-01 -1.324861e-01 -1.275041e-01 -1.220307e-01 -1.163659e-01 -1.112230e-01 -1.090991e-01 -3.586377e-02
 -2.965700e-02 6.714274e-02 7.012658e-02 7.392464e-02 7.770052e-02 8.124089e-02 8.441460e-02 8.708887e-02 8.909234e-02 9.017293e-02 8.992127e-02 8.760479e-02 8.176240e-02 6.909922e-02 4.132057e-02 -1.986408e-02 -1.068695e-01 -1.474403e-01 -1.541119e-01 -1.530984e-01 -1.507599e-01 -1.482644e-01 -1.457675e-01 -1.432256e-01 -1.405569e-01 -1.376667e-01 -1.344372e-01 -1.306917e-01 -1.260595e-01 -1.187137e-01 -2.965700e-02
 -2.918103e-02 4.680188e-02 4.899574e-02 5.138185e-02 5.366799e-02 5.576917e-02 5.761832e-02 5.913449e-02 6.020414e-02 6.065524e-02 6.020791e-02 5.836676e-02 5.416081e-02 4.544283e-02 2.687547e-02 -1.384835e-02 -7.553311e-02 -1.053833e-01 -1.090239e-01 -1.073073e-01 -1.050293e-01 -1.029202e-01 -1.010206e-01 -9.927327e-02 -9.762153e-02 -9.601511e-02 -9.438806e-02 -9.260038e-02 -9.023446e-02 -8.535088e-02 -2.918103e-02
 -3.975572e-02 3.324589e-02 3.511896e-02 3.677081e-02 3.825088e-02 3.955376e-02 4.065436e-02 4.150851e-02 4.204543e-02 4.215151e-02 4.163656e-02 4.015877e-02 3.704319e-02 3.079711e-02 1.776817e-02 -9.912811e-03 -4.974247e-02 -6.932353e-02 -7.241576e-02 -7.170822e-02 -7.043062e-02 -6.916562e-02 -6.798832e-02 -6.688311e-02 -6.582458e-02 -6.478938e-02 -6.374913e-02 -6.264610e-02 -6.130547e-02 -5.889849e-02 -3.975572e-02
 -6.069609e-02 2.278324e-02 2.455006e-02 2.575401e-02 2.671205e-02 2.748096e-02 2.806866e-02 2.846033e-02 2.861941e-02 2.847833e-02 2.791601e-02 2.670691e-02 2.439773e-02 1.998308e-02 1.104240e-02 -7.320679e-03 -3.269307e-02 -4.536496e-02 -4.773455e-02 -4.756237e-02 -4.696209e-02 -4.634564e-02 -4.577335e-02 -4.523590e-02 -4.471379e-02 -4.418935e-02 -4.364754e-02 -4.307300e-02 -4.243968e-02 -4.164557e-02 -6.069609e-02
 -7.631140e-02 1.387587e-02 1.568180e-02 1.658736e-02 1.716242e-02 1.752112e-02 1.770079e-02 1.771271e-02 1.755109e-02 1.718971e-02 1.656883e-02 1.556414e-02 1.391237e-02 1.102002e-02 5.476285e-03 -5.426603e-03 -2.002397e-02 -2.739998e-02 -2.894643e-02 -2.907097e-02 -2.899589e-02 -2.894763e-02 -2.894439e-02 -2.896429e-02 -2.898200e-02 -2.897796e-02 -2.894365e-02 -2.889338e-02 -2.890905e-02 -2.942438e-02 -7.631140e-02
 -8.339437e-02 5.882062e-03 7.846220e-03 8.547840e-03 8.820809e-03 8.837278e-03 8.662457e-03 8.331926e-03 7.868960e-03 7.287168e-03 6.585917e-03 5.737014e-03 4.653233e-03 3.111657e-03 5.749127e-04 -3.914020e-03 -9.519636e-03 -1.226836e-02 -1.297504e-02 -1.334886e-02 -1.379325e-02 -1.433543e-02 -1.493655e-02 -1.555279e-02 -1.614800e-02 -1.669895e-02 -1.720354e-02 -1.770464e-02 -1.838230e-02 -2.014967e-02 -8.339437e-02
 -8.745713e-02 -1.463512e-03 7.683247e-04 1.334515e-03 1.358990e-03 1.076074e-03 5.787964e-04 -7.408912e-05 -8.312725e-04 -1.639863e-03 -2.441514e-03 -3.169373e-03 -3.741460e-03 -4.038923e-03 -3.833532e-03 -2.631353e-03 -2.359865e-04 1.439646e-03 1.581049e-03 9.116310e-04 -1.289697e-04 -1.345445e-03 -2.630559e-03 -3.913474e-03 -5.146109e-03 -6.303038e-03 -7.391831e-03 -8.488085e-03 -9.874380e-03 -1.295303e-02 -8.745713e-02
 -9.059640e-02 -8.268675e-03 -5.658150e-03 -5.172079e-03 -5.357354e-03 -5.909676e-03 -6.706579e-03 -7.666218e-03 -8.709592e-03 -9.744464e-03 -1.065290e-02 -1.127294e-02 -1.135878e-02 -1.047824e-02 -7.748957e-03 -1.509327e-03 8.114964e-03 1.427739e-02 1.534069e-02 1.429983e-02 1.254411e-02 1.053427e-02 8.459355e-03 6.420378e-03 4.476053e-03 2.650174e-03 9.199664e-04 -8.304775e-04 -2.999751e-03 -7.533595e-03 -9.059640e-02
 -9.324215e-02 -1.459444e-02 -1.147907e-02 -1.102217e-02 -1.138592e-02 -1.218343e-02 -1.325874e-02 -1.450530e-02 -1.581542e-02 -1.705648e-02 -1.804990e-02 -1.853922e-02 -1.812327e-02 -1.609481e-02 -1.105727e-02 -5.250069e-04 1.538987e-02 2.624549e-02 2.848360e-02 2.704163e-02 2.445007e-02 2.151701e-02 1.853654e-02 1.564400e-02 1.290614e-02 1.033956e-02 7.898733e-03 5.416558e-03 2.355579e-03 -3.875117e-03 -9.324215e-02
 -9.546053e-02 -2.052341e-02 -1.673993e-02 -1.625389e-02 -1.676323e-02 -1.777843e-02 -1.910233e-02 -2.059951e-02 -2.213064e-02 -2.352035e-02 -2.452852e-02 -2.480771e-02 -2.381887e-02 -2.064000e-02 -1.355049e-02 3.149427e-04 2.107912e-02 3.674920e-02 4.076072e-02 3.907180e-02 3.559392e-02 3.163835e-02 2.765330e-02 2.381942e-02 2.020978e-02 1.682734e-02 1.359448e-02 1.027797e-02 6.165535e-03 -2.148802e-03 -9.546053e-02
 -9.725893e-02 -2.621013e-02 -2.151700e-02 -2.091212e-02 -2.151279e-02 -2.269511e-02 -2.420739e-02 -2.587780e-02 -2.753042e-02 -2.894469e-02 -2.982088e-02 -2.973266e-02 -2.803924e-02 -2.370176e-02 -1.493106e-02 9.841441e-04 2.436348e-02 4.427710e-02 5.109667e-02 4.977024e-02 4.559849e-02 4.065568e-02 3.565202e-02 3.084586e-02 2.632187e-02 2.206488e-02 1.795506e-02 1.367274e-02 8.273966e-03 -2.743608e-03 -9.725893e-02
 -9.864223e-02 -3.191962e-02 -2.591139e-02 -2.500648e-02 -2.557121e-02 -2.679652e-02 -2.835497e-02 -3.002770e-02 -3.159793e-02 -3.280241e-02 -3.329491e-02 -3.260242e-02 -3.005258e-02 -2.463918e-02 -1.481518e-02 1.445414e-03 2.432125e-02 4.607705e-02 5.650053e-02 5.693384e-02 5.291335e-02 4.744911e-02 4.170476e-02 3.610109e-02 3.076474e-02 2.566966e-02 2.064745e-02 1.526530e-02 8.255116e-03 -6.449576e-03 -9.864223e-02
 -9.961931e-02 -3.802024e-02 -2.993901e-02 -2.830346e-02 -2.849375e-02 -2.943691e-02 -3.070015e-02 -3.200884e-02 -3.311122e-02 -3.372249e-02 -3.349104e-02 -3.196738e-02 -2.856381e-02 -2.249779e-02 -1.275638e-02 1.661738e-03 2.040546e-02 3.915011e-02 5.114705e-02 5.461148e-02 5.261072e-02 4.813376e-02 4.276191e-02 3.717653e-02 3.161849e-02 2.608970e-02 2.038362e-02 1.392395e-02 4.972130e-03 -1.481639e-02 -9.961931e-02
 -1.002011e-01 -4.468155e-02 -3.302961e-02 -2.960027e-02 -2.853793e-02 -2.839771e-02 -2.861194e-02 -2.885942e-02 -2.889000e-02 -2.845885e-02 -2.729501e-02 -2.508295e-02 -2.145296e-02 -1.599215e-02 -8.325979e-03 1.610263e-03 1.301382e-02 2.382077e-02 3.162353e-02 3.543033e-02 3.589319e-02 3.417902e-02 3.120650e-02 2.751518e-02 2.334832e-02 1.871874e-02 1.338019e-02 6.579198e-03 -4.050202e-03 -2.956561e-02 -1.002011e-01
 -1.003978e-01 -5.007286e-02 -3.220380e-02 -2.480940e-02 -2.072133e-02 -1.802296e-02 -1.600070e-02 -1.432214e-02 -1.280150e-02 -1.131443e-02 -9.761059e-03 -8.048951e-03 -6.091652e-03 -3.831553e-03 -1.301192e-03 1.297377e-03 3.604201e-03 5.288620e-03 6.237229e-03 6.533792e-03 6.323833e-03 5.722998e-03 4.789314e-03 3.519880e-03 1.842341e-03 -4.206052e-04 -3.656780e-03 -8.791674e-03 -1.855294e-02 -4.455705e-02 -1.003978e-01
